0 -18.75  
1 -18.75  
2 -9.57966  
3 -0.540798  
4 8.23718  
5 16.629  
6 24.5154  
7 31.7853  
8 38.337  
9 44.0804  
10 48.9381  
11 52.8465  
12 55.7571  
13 57.6373  
14 58.4703  
15 58.2563  
16 57.0116  
17 54.769  
18 51.5769  
19 47.4988  
20 42.6121  
21 37.0068  
22 30.7844  
23 24.056  
24 16.9409  
25 9.56425  
26 2.05535  
27 -5.45436  
28 -12.8335  
29 -19.9527  
30 -26.6867  
31 -32.9164  
32 -38.5307  
33 -43.428  
34 -47.5184  
35 -50.7243  
36 -52.9824  
37 -54.2441  
38 -54.477  
39 -53.6643  
40 -51.8062  
41 -48.9192  
42 -45.0361  
43 -40.2054  
44 -34.4905  
45 -27.9691  
46 -20.7311  
47 -12.8782  
48 -4.52153  
49 4.21964  
50 13.2201  
51 22.3503  
52 31.479  
53 40.4744  
54 49.2075  
55 57.5526  
56 65.3908  
57 72.6108  
58 79.111  
59 84.8013  
60 89.6042  
61 93.4563  
62 96.309  
63 98.1296  
64 98.9015  
65 98.6247  
66 97.3156  
67 95.0071  
68 91.7476  
69 87.6004  
70 82.6429  
71 76.9654  
72 70.6692  
73 63.8655  
74 56.6734  
75 49.2183  
76 41.6294  
77 34.0381  
78 26.5759  
79 19.372  
80 12.5518  
81 6.23441  
82 0.530851  
83 -4.45729  
84 -8.63991  
85 -11.9397  
86 -14.2931  
87 -15.6518  
88 -15.983  
89 -15.2703  
90 -13.5136  
91 -10.7296  
92 -6.95097  
93 -2.22626  
94 3.3811  
95 9.79357  
96 16.921  
97 24.6619  
98 32.9051  
99 41.5313  
100 50.4152  
101 59.4275  
102 68.4368  
103 77.3113  
104 85.9219  
105 94.1433  
106 101.856  
107 108.949  
108 115.321  
109 120.882  
110 125.554  
111 129.273  
112 131.992  
113 133.678  
114 134.313  
115 133.898  
116 132.449  
117 130  
118 126.598  
119 122.307  
120 117.205  
121 111.381  
122 104.937  
123 97.9841  
124 90.6417  
125 83.0349  
126 75.2929  
127 67.5473  
128 59.9295  
129 52.5687  
130 45.5903  
131 39.1132  
132 33.2489  
133 28.0986  
134 23.7526  
135 20.2882  
136 17.7689  
137 16.243  
138 15.7434  
139 16.2864  
140 17.8722  
141 20.484  
142 24.0893  
143 28.6393  
144 34.0708  
145 40.3062  
146 47.2553  
147 54.8168  
148 62.8793  
149 71.3235  
150 80.0244  
151 88.8524  
152 97.6761  
153 106.364  
154 114.787  
155 122.819  
156 130.342  
157 137.244  
158 143.424  
159 148.791  
160 153.268  
161 156.792  
162 159.314  
163 160.801  
164 161.238  
165 160.623  
166 158.973  
167 156.322  
168 152.717  
169 148.222  
170 142.914  
171 136.884  
172 130.233  
173 123.072  
174 115.521  
175 107.704  
176 99.7506  
177 91.793  
178 83.9621  
179 76.3875  
180 69.1943  
181 62.5016  
182 56.4206  
183 51.0529  
184 46.4884  
185 42.8047  
186 40.0651  
187 38.3182  
188 37.5966  
189 37.9169  
190 39.2789  
191 41.6663  
192 45.0462  
193 49.3701  
194 54.5746  
195 60.5821  
196 67.3027  
197 74.6346  
198 82.4668  
199 90.6801  
200 99.1491  
201 107.744  
202 116.335  
203 124.789  
204 132.977  
205 140.774  
206 148.06  
207 154.725  
208 160.667  
209 165.796  
210 170.034  
211 173.318  
212 175.6  
213 176.846  
214 177.041  
215 176.183  
216 174.291  
217 171.396  
218 167.547  
219 162.807  
220 157.254  
221 150.979  
222 144.081  
223 136.673  
224 128.874  
225 120.81  
226 112.608  
227 104.402  
228 96.3215  
229 88.497  
230 81.0534  
231 74.11  
232 67.7778  
233 62.1583  
234 57.3418  
235 53.4056  
236 50.4131  
237 48.4128  
238 47.4375  
239 47.5037  
240 48.6113  
241 50.7438  
242 53.8685  
243 57.9368  
244 62.8853  
245 68.6366  
246 75.1005  
247 82.1756  
248 89.7505  
249 97.7064  
250 105.918  
251 114.255  
252 122.587  
253 130.782  
254 138.711  
255 146.249  
256 153.276  
257 159.681  
258 165.364  
259 170.232  
260 174.21  
261 177.234  
262 179.256  
263 180.241  
264 180.175  
265 179.057  
266 176.903  
267 173.747  
268 169.637  
269 164.636  
270 158.822  
271 152.285  
272 145.126  
273 137.457  
274 129.396  
275 121.07  
276 112.607  
277 104.139  
278 95.7974  
279 87.7115  
280 80.0067  
281 72.8019  
282 66.2085  
283 60.328  
284 55.2504  
285 51.0532  
286 47.7998  
287 45.5388  
288 44.3028  
289 44.1085  
290 44.9556  
291 46.8279  
292 49.6925  
293 53.5009  
294 58.1897  
295 63.6814  
296 69.8859  
297 76.7017  
298 84.0177  
299 91.7146  
300 99.6672  
301 107.746  
302 115.82  
303 123.757  
304 131.429  
305 138.709  
306 145.479  
307 151.628  
308 157.054  
309 161.667  
310 165.389  
311 168.157  
312 169.923  
313 170.654  
314 170.334  
315 168.962  
316 166.554  
317 163.145  
318 158.782  
319 153.529  
320 147.463  
321 140.674  
322 133.265  
323 125.345  
324 117.035  
325 108.459  
326 99.7471  
327 91.0308  
328 82.4413  
329 74.1082  
330 66.1565  
331 58.7055  
332 51.8665  
333 45.7409  
334 40.4188  
335 35.9777  
336 32.4811  
337 29.9774  
338 28.4994  
339 28.0636  
340 28.67  
341 30.3021  
342 32.9271  
343 36.4967  
344 40.9472  
345 46.2014  
346 52.1691  
347 58.7488  
348 65.8292  
349 73.2914  
350 81.01  
351 88.8556  
352 96.6969  
353 104.402  
354 111.843  
355 118.893  
356 125.434  
357 131.353  
358 136.551  
359 140.937  
360 144.432  
361 146.975  
362 148.517  
363 149.024  
364 148.48  
365 146.886  
366 144.257  
367 140.628  
368 136.045  
369 130.573  
370 124.29  
371 117.284  
372 109.659  
373 101.524  
374 92.9998  
375 84.2111  
376 75.2873  
377 66.3599  
378 57.5605  
379 49.0182  
380 40.8585  
381 33.2005  
382 26.1555  
383 19.8249  
384 14.2989  
385 9.65487  
386 5.95636  
387 3.25181  
388 1.57406  
389 0.939554  
390 1.34836  
391 2.78391  
392 5.21352  
393 8.58867  
394 12.8459  
395 17.9079  
396 23.6845  
397 30.0742  
398 36.9659  
399 44.2403  
400 51.7723  
401 59.4325  
402 67.0898  
403 74.6121  
404 81.8705  
405 88.7397  
406 95.1006  
407 100.842  
408 105.862  
409 110.072  
410 113.393  
411 115.762  
412 117.131  
413 117.467  
414 116.753  
415 114.99  
416 112.195  
417 108.399  
418 103.651  
419 98.0159  
420 91.5699  
421 84.4035  
422 76.6183  
423 68.3255  
424 59.6442  
425 50.6998  
426 41.6217  
427 32.5413  
428 23.5902  
429 14.8976  
430 6.589  
431 -1.21656  
432 -8.40782  
433 -14.8832  
434 -20.5528  
435 -25.3389  
436 -29.178  
437 -32.0218  
438 -33.8374  
439 -34.6084  
440 -34.3347  
441 -33.0328  
442 -30.7355  
443 -27.4912  
444 -23.3634  
445 -18.4294  
446 -12.7794  
447 -6.51488  
448 0.253019  
449 7.40514  
450 14.8165  
451 22.3573  
452 29.8963  
453 37.3022  
454 44.4455  
455 51.2011  
456 57.4499  
457 63.0806  
458 67.9919  
459 72.0936  
460 75.3084  
461 77.5729  
462 78.8386  
463 79.0728  
464 78.2591  
465 76.3975  
466 73.5046  
467 69.6132  
468 64.7717  
469 59.0438  
470 52.5069  
471 45.2511  
472 37.378  
473 28.9989  
474 20.2329  
475 11.2053  
476 2.04564  
477 -7.11474  
478 -16.1443  
479 -24.9137  
480 -33.2976  
481 -41.177  
482 -48.4403  
483 -54.9862  
484 -60.7245  
485 -65.5779  
486 -69.4827  
487 -72.3906  
488 -74.2688  
489 -75.1007  
490 -74.8863  
491 -73.6421  
492 -71.4009  
493 -68.2112  
494 -64.1362  
495 -59.2536  
496 -53.6533  
497 -47.4367  
498 -40.7153  
499 -33.6081  
500 -26.2402  
501 -18.7411  
502 -11.2422  
503 -3.87488  
504 3.23161  
505 9.95195  
506 16.1671  
507 21.7658  
508 26.6467  
509 30.7196  
510 33.9072  
511 36.1462  
512 37.388  
513 37.5999  
514 36.7656  
515 34.885  
516 31.9748  
517 28.0677  
518 23.2122  
519 17.4719  
520 10.9239  
521 3.65899  
522 -4.22156  
523 -12.6065  
524 -21.3766  
525 -30.4067  
526 -39.5672  
527 -48.7267  
528 -57.7538  
529 -66.5191  
530 -74.8971  
531 -82.7689  
532 -90.0231  
533 -96.5582  
534 -102.284  
535 -107.123  
536 -111.013  
537 -113.903  
538 -115.762  
539 -116.574  
540 -116.337  
541 -115.069  
542 -112.802  
543 -109.585  
544 -105.481  
545 -100.568  
546 -94.9361  
547 -88.686  
548 -81.9294  
549 -74.7853  
550 -67.379  
551 -59.8398  
552 -52.2987  
553 -44.888  
554 -37.7366  
555 -30.9698  
556 -24.7065  
557 -19.0581  
558 -14.1259  
559 -10.0001  
560 -6.75795  
561 -4.4629  
562 -3.16342  
563 -2.89217  
564 -3.66559  
565 -5.48368  
566 -8.32985  
567 -12.1713  
568 -16.9595  
569 -22.6309  
570 -29.1081  
571 -36.3009  
572 -44.1078  
573 -52.4174  
574 -61.1107  
575 -70.0623  
576 -79.1428  
577 -88.2208  
578 -97.1647  
579 -105.845  
580 -114.137  
581 -121.921  
582 -129.086  
583 -135.53  
584 -141.164  
585 -145.909  
586 -149.702  
587 -152.496  
588 -154.256  
589 -154.967  
590 -154.629  
591 -153.258  
592 -150.886  
593 -147.563  
594 -143.352  
595 -138.329  
596 -132.586  
597 -126.224  
598 -119.354  
599 -112.095  
600 -104.572  
601 -96.9147  
602 -89.2546  
603 -81.7231  
604 -74.4494  
605 -67.5588  
606 -61.1704  
607 -55.3953  
608 -50.3351  
609 -46.0798  
610 -42.7068  
611 -40.2794  
612 -38.8462  
613 -38.4398  
614 -39.0768  
615 -40.757  
616 -43.4639  
617 -47.1647  
618 -51.8108  
619 -57.3388  
620 -63.6712  
621 -70.7178  
622 -78.3771  
623 -86.5379  
624 -95.0809  
625 -103.881  
626 -112.808  
627 -121.732  
628 -130.52  
629 -139.044  
630 -147.177  
631 -154.801  
632 -161.805  
633 -168.087  
634 -173.557  
635 -178.137  
636 -181.765  
637 -184.391  
638 -185.983  
639 -186.524  
640 -186.014  
641 -184.47  
642 -181.925  
643 -178.427  
644 -174.04  
645 -168.841  
646 -162.919  
647 -156.377  
648 -149.326  
649 -141.885  
650 -134.179  
651 -126.337  
652 -118.492  
653 -110.774  
654 -103.312  
655 -96.2327  
656 -89.6543  
657 -83.6882  
658 -78.4358  
659 -73.9872  
660 -70.4198  
661 -67.7971  
662 -66.1673  
663 -65.5633  
664 -66.0016  
665 -67.482  
666 -69.9881  
667 -73.487  
668 -77.9302  
669 -83.2542  
670 -89.3816  
671 -96.2222  
672 -103.674  
673 -111.627  
674 -119.961  
675 -128.551  
676 -137.267  
677 -145.98  
678 -154.555  
679 -162.864  
680 -170.783  
681 -178.191  
682 -184.978  
683 -191.042  
684 -196.294  
685 -200.654  
686 -204.061  
687 -206.466  
688 -207.836  
689 -208.154  
690 -207.42  
691 -205.652  
692 -202.881  
693 -199.157  
694 -194.542  
695 -189.115  
696 -182.964  
697 -176.193  
698 -168.912  
699 -161.239  
700 -153.301  
701 -145.227  
702 -137.149  
703 -129.196  
704 -121.5  
705 -114.185  
706 -107.371  
707 -101.168  
708 -95.6778  
709 -90.9908  
710 -87.1846  
711 -84.3223  
712 -82.4524  
713 -81.6077  
714 -81.8045  
715 -83.0429  
716 -85.3063  
717 -88.562  
718 -92.7613  
719 -97.8409  
720 -103.723  
721 -110.318  
722 -117.524  
723 -125.23  
724 -133.317  
725 -141.659  
726 -150.127  
727 -158.59  
728 -166.915  
729 -174.975  
730 -182.643  
731 -189.801  
732 -196.336  
733 -202.149  
734 -207.148  
735 -211.256  
736 -214.41  
737 -216.561  
738 -217.676  
739 -217.74  
740 -216.752  
741 -214.728  
742 -211.702  
743 -207.722  
744 -202.851  
745 -197.167  
746 -190.76  
747 -183.732  
748 -176.193  
749 -168.263  
750 -160.067  
751 -151.735  
752 -143.398  
753 -135.187  
754 -127.232  
755 -119.658  
756 -112.585  
757 -106.122  
758 -100.373  
759 -95.4262  
760 -91.36  
761 -88.2376  
762 -86.1075  
763 -85.0023  
764 -84.9386  
765 -85.9163  
766 -87.9189  
767 -90.9136  
768 -94.852  
769 -99.6704  
770 -105.292  
771 -111.625  
772 -118.571  
773 -126.015  
774 -133.84  
775 -141.921  
776 -150.128  
777 -158.329  
778 -166.393  
779 -174.191  
780 -181.598  
781 -188.494  
782 -194.768  
783 -200.319  
784 -205.057  
785 -208.904  
786 -211.797  
787 -213.687  
788 -214.541  
789 -214.344  
790 -213.096  
791 -210.812  
792 -207.525  
793 -203.285  
794 -198.154  
795 -192.21  
796 -185.544  
797 -178.256  
798 -170.458  
799 -162.269  
800 -153.815  
801 -145.225  
802 -136.629  
803 -128.16  
804 -119.948  
805 -112.117  
806 -104.786  
807 -98.0671  
808 -92.0613  
809 -86.8588  
810 -82.5371  
811 -79.1595  
812 -76.7745  
813 -75.4149  
814 -75.0971  
815 -75.8211  
816 -77.5704  
817 -80.3122  
818 -83.9981  
819 -88.5645  
820 -93.934  
821 -100.017  
822 -106.711  
823 -113.905  
824 -121.48  
825 -129.311  
826 -137.269  
827 -145.222  
828 -153.038  
829 -160.589  
830 -167.749  
831 -174.399  
832 -180.427  
833 -185.733  
834 -190.226  
835 -193.829  
836 -196.478  
837 -198.125  
838 -198.738  
839 -198.299  
840 -196.809  
841 -194.285  
842 -190.759  
843 -186.279  
844 -180.91  
845 -174.729  
846 -167.825  
847 -160.301  
848 -152.268  
849 -143.844  
850 -135.156  
851 -126.332  
852 -117.504  
853 -108.803  
854 -100.36  
855 -92.2985  
856 -84.7384  
857 -77.7908  
858 -71.5572  
859 -66.1277  
860 -61.5798  
861 -57.9768  
862 -55.3673  
863 -53.7839  
864 -53.2433  
865 -53.7453  
866 -55.2737  
867 -57.7953  
868 -61.2619  
869 -65.6099  
870 -70.7619  
871 -76.6278  
872 -83.1061  
873 -90.0856  
874 -97.4471  
875 -105.065  
876 -112.811  
877 -120.553  
878 -128.159  
879 -135.501  
880 -142.453  
881 -148.895  
882 -154.717  
883 -159.818  
884 -164.107  
885 -167.507  
886 -169.954  
887 -171.4  
888 -171.812  
889 -171.175  
890 -169.487  
891 -166.766  
892 -163.044  
893 -158.37  
894 -152.808  
895 -146.434  
896 -139.339  
897 -131.625  
898 -123.402  
899 -114.791  
900 -105.916  
901 -96.9062  
902 -87.8941  
903 -79.0106  
904 -70.3852  
905 -62.1431  
906 -54.4035  
907 -47.2776  
908 -40.8669  
909 -35.2616  
910 -30.5391  
911 -26.7627  
912 -23.981  
913 -22.2268  
914 -21.5165  
915 -21.8502  
916 -23.2112  
917 -25.5669  
918 -28.8688  
919 -33.0534  
920 -38.0433  
921 -43.7484  
922 -50.0671  
923 -56.8884  
924 -64.0929  
925 -71.5556  
926 -79.147  
927 -86.7358  
928 -94.1904  
929 -101.382  
930 -108.185  
931 -114.48  
932 -120.156  
933 -125.111  
934 -129.256  
935 -132.514  
936 -134.82  
937 -136.127  
938 -136.401  
939 -135.627  
940 -133.804  
941 -130.948  
942 -127.094  
943 -122.289  
944 -116.597  
945 -110.095  
946 -102.873  
947 -95.0337  
948 -86.6875  
949 -77.9537  
950 -68.9578  
951 -59.8291  
952 -50.699  
953 -41.699  
954 -32.9586  
955 -24.603  
956 -16.7514  
957 -9.51497  
958 -2.99525  
959 2.71761  
960 7.54641  
961 11.4272  
962 14.3118  
963 16.1674  
964 16.9776  
965 16.7424  
966 15.4782  
967 13.2178  
968 10.0097  
969 5.91743  
970 1.0183  
971 -4.59751  
972 -10.8285  
973 -17.5636  
974 -24.6835  
975 -32.0631  
976 -39.5729  
977 -47.0817  
978 -54.4579  
979 -61.5722  
980 -68.2995  
981 -74.5206  
982 -80.1243  
983 -85.0092  
984 -89.0854  
985 -92.2753  
986 -94.5156  
987 -95.758  
988 -95.9696  
989 -95.1341  
990 -93.2516  
991 -90.3386  
992 -86.4277  
993 -81.5678  
994 -75.8224  
995 -69.269  
996 -61.9976  
997 -54.1098  
998 -45.7169  
999 -36.9382  
