6 6
-3.133525e-01	3.449161e-01	0.000000e+00	0.000000e+00	0.000000e+00	0.000000e+00	
-7.268220e-01	-9.160479e-01	2.791049e-01	0.000000e+00	0.000000e+00	0.000000e+00	
6.656698e-01	0.000000e+00	-8.529834e-01	1.917964e-01	0.000000e+00	0.000000e+00	
-7.610327e-01	0.000000e+00	0.000000e+00	-8.589055e-01	1.389466e-01	0.000000e+00	
7.825805e-01	0.000000e+00	0.000000e+00	0.000000e+00	-8.313534e-01	1.079724e-01	
-7.924034e-01	0.000000e+00	0.000000e+00	0.000000e+00	0.000000e+00	-9.055245e-01	

6 13
1.184923e+00	1.000000e+00	0.000000e+00	0.000000e+00	0.000000e+00	0.000000e+00	1.000000e+00	0.000000e+00	0.000000e+00	0.000000e+00	0.000000e+00	0.000000e+00	0.000000e+00	
-9.188344e-01	0.000000e+00	1.000000e+00	0.000000e+00	0.000000e+00	0.000000e+00	0.000000e+00	1.000000e+00	0.000000e+00	0.000000e+00	0.000000e+00	0.000000e+00	0.000000e+00	
8.415270e-01	0.000000e+00	0.000000e+00	1.000000e+00	0.000000e+00	0.000000e+00	0.000000e+00	0.000000e+00	1.000000e+00	0.000000e+00	0.000000e+00	0.000000e+00	0.000000e+00	
-9.620830e-01	0.000000e+00	0.000000e+00	0.000000e+00	1.000000e+00	0.000000e+00	0.000000e+00	0.000000e+00	0.000000e+00	1.000000e+00	0.000000e+00	0.000000e+00	0.000000e+00	
9.893233e-01	0.000000e+00	0.000000e+00	0.000000e+00	0.000000e+00	1.000000e+00	0.000000e+00	0.000000e+00	0.000000e+00	0.000000e+00	1.000000e+00	0.000000e+00	0.000000e+00	
-1.001741e+00	0.000000e+00	0.000000e+00	0.000000e+00	0.000000e+00	0.000000e+00	0.000000e+00	0.000000e+00	0.000000e+00	0.000000e+00	0.000000e+00	1.000000e+00	0.000000e+00	
1 6
7.910260e-01	0.000000e+00	0.000000e+00	0.000000e+00	0.000000e+00	0.000000e+00	
1 13
1.000000e+00	0.000000e+00	0.000000e+00	0.000000e+00	0.000000e+00	0.000000e+00	0.000000e+00	0.000000e+00	0.000000e+00	0.000000e+00	0.000000e+00	0.000000e+00	1.000000e+00	
