10 10
8.19489291096593852614660136168822646141052246093750e-01	2.81171142067021817556593532572151161730289459228516e-01	-3.31747281657843659519180334882548777386546134948730e-02	2.69869557973323251354180740690935635939240455627441e-02	-1.64893617210090742686290354868106078356504440307617e-01	1.31833754468975605789182736771181225776672363281250e-01	1.05884662965329799655389564350116415880620479583740e-02	-6.73315765346444439209960819425759837031364440917969e-02	1.75019041264980429288555807687544074724428355693817e-03	6.52527101029542664321903000512747894390486180782318e-05	
-2.81171142067002000075603973527904599905014038085938e-01	-4.81694162255242475101368881951202638447284698486328e-01	-1.66758853720474192749989583717251662164926528930664e-01	8.65412348307676160263923748061642982065677642822266e-02	-5.40293412423452412696178726037032902240753173828125e-01	1.46929083548609590303968275293300393968820571899414e-01	1.83708203453126842075171509804931702092289924621582e-02	-1.21073954506048728219091970004228642210364341735840e-01	1.94226905185590536032091968365875800373032689094543e-03	2.13402434601400610685983244563246330471883993595839e-05	
3.31747281657489845319020105307572521269321441650391e-02	-1.66758853720362448802561061711458023637533187866211e-01	9.74937841813607986019007967115612700581550598144531e-01	1.69572362660174238979671201832388760522007942199707e-02	-9.10396968976622533720188812367268837988376617431641e-02	7.63794454122787430661034591139468830078840255737305e-02	3.35679411018321126325414383018141961656510829925537e-03	-2.00629624724985092254492258234677137807011604309082e-02	8.44134945113124662667558606443662938545458018779755e-04	4.54800420992980178173416272446871744250529445707798e-05	
2.69869557844344860886298675950456527061760425567627e-02	-8.65412347877875520740786896567442454397678375244141e-02	-1.69572362587379274478927015934459632262587547302246e-02	9.60089053851138407580378952843602746725082397460938e-01	2.52839892222176509939401967130834236741065979003906e-01	5.95632468025891967378093738716415828093886375427246e-02	1.65374958925890028563210343293121695751324295997620e-03	-9.08497861057496261527610670327703701332211494445801e-03	6.04607224378122371476196317274798275320790708065033e-04	3.84346617179933322245959093077516399716841988265514e-05	
1.64893617212241022640384358055598568171262741088867e-01	-5.40293412430452701933347725571366026997566223144531e-01	-9.10396968987678134599406121196807362139225006103516e-02	-2.52839892193655324525991545669967308640480041503906e-01	6.02222257343180578104124833771493285894393920898438e-01	3.88788670708348160776068880295497365295886993408203e-01	1.14953396849422403297458217252824397291988134384155e-02	-6.42044328265479885553546068877039942890405654907227e-02	3.94544301641041369327345122997030557598918676376343e-03	2.45416475141734967326673233500855531019624322652817e-04	
1.31833754468620584221483227338467258960008621215820e-01	-1.46929083548103633916070975828915834426879882812500e-01	-7.63794454123112170895737449427542742341756820678711e-02	5.95632468336693143839966069208458065986633300781250e-02	-3.88788670703975103304372851198422722518444061279297e-01	4.66388081181312141865191733813844621181488037109375e-01	-6.20569572326609003587449819860921707004308700561523e-02	4.22358252342320550365428744044038467109203338623047e-01	-8.48951776394121001428905159968962834682315587997437e-04	3.70260053800155596731569218604818161111325025558472e-04	
1.05884662964230834986123497287735517602413892745972e-02	-1.83708203451559241858870308305995422415435314178467e-02	-3.35679411016320426372483431975979328854009509086609e-03	1.65374959022136823819093542908831295790150761604309e-03	-1.14953396847458505503070114173169713467359542846680e-02	-6.20569572323700913152322300447849556803703308105469e-02	9.83237826170816120452400355134159326553344726562500e-01	1.25813684241379564188179074335494078695774078369141e-01	7.73656964790614409821500885300338268280029296875000e-03	6.39207627826494928502398806813289411365985870361328e-04	
6.73315765347190786638265080910059623420238494873047e-02	-1.21073954506083603099853007734054699540138244628906e-01	-2.00629624725108153537878052929954719729721546173096e-02	9.08497861554298860586875719036470400169491767883301e-03	-6.42044328259426116956021246551244985312223434448242e-02	-4.22358252342015683122866676058038137853145599365234e-01	-1.25813684240489720433942011368344537913799285888672e-01	-4.48267277799460905907125152225489728152751922607422e-02	7.25805224945307997375110176108137238770723342895508e-02	5.63058482850392356261481907608867913950234651565552e-03	
-1.75019041264873418534131488399907539132982492446899e-03	1.94226905183867565307664904139528516680002212524414e-03	8.44134945106641675777181532680515374522656202316284e-04	-6.04607224678945865195545117387609934667125344276428e-04	3.94544301635821412915783312769235635641962289810181e-03	8.48951776363657630887493699134438429609872400760651e-04	-7.73656964797508461123554113214595417957752943038940e-03	7.25805224945401394887056767402100376784801483154297e-02	9.83779540967041343790810969949234277009963989257812e-01	-2.47449395595333637362656098446223040809854865074158e-03	
-6.52527100741816685211885151751687317300820723176003e-05	2.13402434879799029099518847818472977451165206730366e-05	4.54800420935953109017116369194866365432972088456154e-05	-3.84346617240931078571079815286992698020185343921185e-05	2.45416475099044073104187502210038474004250019788742e-04	-3.70260053821497791236294627736924667260609567165375e-04	-6.39207627764587960235431740585454463143832981586456e-04	5.63058482760554670359942619484172610100358724594116e-03	-2.47449395559920471907022765378769690869376063346863e-03	9.41848015446179243070901065948419272899627685546875e-01	

10 1
-2.37243790519747399514471908332780003547668457031250e+00	
-2.54046058334984881099671838455833494663238525390625e+00	
-1.20988625883591799370364583410264458507299423217773e-01	
-1.56533923653016633983914296379680308746173977851868e-04	
-6.24499791146311336587082507776358397677540779113770e-02	
1.15073300547692958240020288940286263823509216308594e+00	
4.08299226606166562603128511454997351393103599548340e-02	
2.25484415240321117712696263879479374736547470092773e-01	
-1.52767949778735458166156746528940857388079166412354e-02	
-9.72005779403046078594730072808260956662707030773163e-04	
11 10
1.00000000000000000000000000000000000000000000000000e+00	0.00000000000000000000000000000000000000000000000000e+00	0.00000000000000000000000000000000000000000000000000e+00	0.00000000000000000000000000000000000000000000000000e+00	0.00000000000000000000000000000000000000000000000000e+00	0.00000000000000000000000000000000000000000000000000e+00	0.00000000000000000000000000000000000000000000000000e+00	0.00000000000000000000000000000000000000000000000000e+00	0.00000000000000000000000000000000000000000000000000e+00	0.00000000000000000000000000000000000000000000000000e+00	
0.00000000000000000000000000000000000000000000000000e+00	1.00000000000000000000000000000000000000000000000000e+00	0.00000000000000000000000000000000000000000000000000e+00	0.00000000000000000000000000000000000000000000000000e+00	0.00000000000000000000000000000000000000000000000000e+00	0.00000000000000000000000000000000000000000000000000e+00	0.00000000000000000000000000000000000000000000000000e+00	0.00000000000000000000000000000000000000000000000000e+00	0.00000000000000000000000000000000000000000000000000e+00	0.00000000000000000000000000000000000000000000000000e+00	
0.00000000000000000000000000000000000000000000000000e+00	0.00000000000000000000000000000000000000000000000000e+00	1.00000000000000000000000000000000000000000000000000e+00	0.00000000000000000000000000000000000000000000000000e+00	0.00000000000000000000000000000000000000000000000000e+00	0.00000000000000000000000000000000000000000000000000e+00	0.00000000000000000000000000000000000000000000000000e+00	0.00000000000000000000000000000000000000000000000000e+00	0.00000000000000000000000000000000000000000000000000e+00	0.00000000000000000000000000000000000000000000000000e+00	
0.00000000000000000000000000000000000000000000000000e+00	0.00000000000000000000000000000000000000000000000000e+00	0.00000000000000000000000000000000000000000000000000e+00	1.00000000000000000000000000000000000000000000000000e+00	0.00000000000000000000000000000000000000000000000000e+00	0.00000000000000000000000000000000000000000000000000e+00	0.00000000000000000000000000000000000000000000000000e+00	0.00000000000000000000000000000000000000000000000000e+00	0.00000000000000000000000000000000000000000000000000e+00	0.00000000000000000000000000000000000000000000000000e+00	
0.00000000000000000000000000000000000000000000000000e+00	0.00000000000000000000000000000000000000000000000000e+00	0.00000000000000000000000000000000000000000000000000e+00	0.00000000000000000000000000000000000000000000000000e+00	1.00000000000000000000000000000000000000000000000000e+00	0.00000000000000000000000000000000000000000000000000e+00	0.00000000000000000000000000000000000000000000000000e+00	0.00000000000000000000000000000000000000000000000000e+00	0.00000000000000000000000000000000000000000000000000e+00	0.00000000000000000000000000000000000000000000000000e+00	
0.00000000000000000000000000000000000000000000000000e+00	0.00000000000000000000000000000000000000000000000000e+00	0.00000000000000000000000000000000000000000000000000e+00	0.00000000000000000000000000000000000000000000000000e+00	0.00000000000000000000000000000000000000000000000000e+00	1.00000000000000000000000000000000000000000000000000e+00	0.00000000000000000000000000000000000000000000000000e+00	0.00000000000000000000000000000000000000000000000000e+00	0.00000000000000000000000000000000000000000000000000e+00	0.00000000000000000000000000000000000000000000000000e+00	
0.00000000000000000000000000000000000000000000000000e+00	0.00000000000000000000000000000000000000000000000000e+00	0.00000000000000000000000000000000000000000000000000e+00	0.00000000000000000000000000000000000000000000000000e+00	0.00000000000000000000000000000000000000000000000000e+00	0.00000000000000000000000000000000000000000000000000e+00	1.00000000000000000000000000000000000000000000000000e+00	0.00000000000000000000000000000000000000000000000000e+00	0.00000000000000000000000000000000000000000000000000e+00	0.00000000000000000000000000000000000000000000000000e+00	
0.00000000000000000000000000000000000000000000000000e+00	0.00000000000000000000000000000000000000000000000000e+00	0.00000000000000000000000000000000000000000000000000e+00	0.00000000000000000000000000000000000000000000000000e+00	0.00000000000000000000000000000000000000000000000000e+00	0.00000000000000000000000000000000000000000000000000e+00	0.00000000000000000000000000000000000000000000000000e+00	1.00000000000000000000000000000000000000000000000000e+00	0.00000000000000000000000000000000000000000000000000e+00	0.00000000000000000000000000000000000000000000000000e+00	
0.00000000000000000000000000000000000000000000000000e+00	0.00000000000000000000000000000000000000000000000000e+00	0.00000000000000000000000000000000000000000000000000e+00	0.00000000000000000000000000000000000000000000000000e+00	0.00000000000000000000000000000000000000000000000000e+00	0.00000000000000000000000000000000000000000000000000e+00	0.00000000000000000000000000000000000000000000000000e+00	0.00000000000000000000000000000000000000000000000000e+00	1.00000000000000000000000000000000000000000000000000e+00	0.00000000000000000000000000000000000000000000000000e+00	
0.00000000000000000000000000000000000000000000000000e+00	0.00000000000000000000000000000000000000000000000000e+00	0.00000000000000000000000000000000000000000000000000e+00	0.00000000000000000000000000000000000000000000000000e+00	0.00000000000000000000000000000000000000000000000000e+00	0.00000000000000000000000000000000000000000000000000e+00	0.00000000000000000000000000000000000000000000000000e+00	0.00000000000000000000000000000000000000000000000000e+00	0.00000000000000000000000000000000000000000000000000e+00	1.00000000000000000000000000000000000000000000000000e+00	
-2.37243790519766142854685142538073705509305000305176e-02	2.54046058334957830515676846516726072877645492553711e-02	1.20988625883607699845745386824091838207095861434937e-03	-1.56533929137588419327694905930359325907375023234636e-06	6.24499791158939507665359691657158691668882966041565e-04	1.15073300547754806683053985238984751049429178237915e-02	4.08299226609309809984255101866779114061500877141953e-04	-2.25484415240355092271973269646423432277515530586243e-03	1.52767949779417544931697792165437022049445658922195e-04	9.72005779668244864106813746262858444424637127667665e-06	
11 1
1.00000000000000000000000000000000000000000000000000e+00	
1.00000000000000000000000000000000000000000000000000e+00	
1.00000000000000000000000000000000000000000000000000e+00	
1.00000000000000000000000000000000000000000000000000e+00	
1.00000000000000000000000000000000000000000000000000e+00	
1.00000000000000000000000000000000000000000000000000e+00	
1.00000000000000000000000000000000000000000000000000e+00	
1.00000000000000000000000000000000000000000000000000e+00	
1.00000000000000000000000000000000000000000000000000e+00	
1.00000000000000000000000000000000000000000000000000e+00	
1.00000000000000000000000000000000000000000000000000e+00	
