1 -0.000544906 -0.0317949 -0.0317949 -0.0317949 -0.0317949 -0.156795 -0.156795 -0.156795
2 -0.00331621 -0.046285 -0.233785 -0.108785 -0.233785 -0.358785 -0.358785 -0.358785
3 0.00731823 -0.074713 -0.199713 -0.199713 -0.324713 -0.324713 -0.324713 -0.324713
4 0.0379783 -0.0635842 -0.0635842 -0.188584 -0.313584 -0.0635842 -0.0635842 -0.563584
5 0.0797471 -0.0100966 -0.135097 -0.0100966 -0.135097 -0.0100966 -0.510097 -0.510097
6 0.109942 -0.00724536 -0.0697454 -0.0697454 -0.0697454 -0.194745 -0.194745 -0.194745
7 0.120626 0.0073447 0.0073447 -0.117655 -0.242655 -0.492655 -0.492655 0.0073447
8 0.113739 -0.026886 -0.089386 -0.089386 -0.339386 -0.089386 -0.089386 -0.089386
9 0.0971352 -0.13724 -0.0747398 -0.0747398 -0.32474 -0.19974 -0.19974 -0.19974
10 0.0750924 -0.0772513 -0.0772513 0.0477487 -0.327251 -0.452251 -0.452251 0.0477487
11 0.0662598 -0.156396 -0.156396 -0.156396 -0.406396 -0.406396 -0.406396 0.0936036
12 0.0807071 -0.0872616 -0.212262 -0.0872616 -0.462262 -0.462262 -0.462262 0.0377384
13 0.109693 -0.0817135 -0.144213 -0.0192135 -0.519213 -0.269213 -0.269213 -0.269213
14 0.136472 -0.109621 -0.109621 0.0153787 -0.484621 -0.484621 -0.484621 0.0153787
15 0.147046 -0.0951414 -0.0951414 -0.0951414 -0.345141 -0.470141 -0.470141 0.0298586
16 0.154804 -0.118633 -0.181133 0.0688667 -0.431133 -0.431133 -0.431133 0.0688667
17 0.170996 -0.0946293 -0.0946293 0.0303707 -0.594629 -0.469629 -0.469629 0.0303707
18 0.200992 -0.0958832 -0.0958832 0.0291168 -0.470883 -0.345883 -0.345883 0.154117
19 0.228492 -0.0566644 -0.0566644 0.0683356 -0.306664 -0.431664 -0.431664 0.0683356
20 0.236438 -0.0526245 -0.115124 0.00987555 -0.490124 -0.115124 -0.115124 0.384876
21 0.227017 -0.10892 -0.23392 0.0160796 -0.60892 -0.23392 -0.23392 0.26608
22 0.21149 -0.136167 -0.198667 0.0513333 -0.573667 -0.573667 -0.573667 0.426333
23 0.204695 -0.127336 -0.0648364 -0.0648364 -0.564836 -0.314836 -0.314836 0.185164
24 0.204663 -0.100025 -0.162525 -0.0375249 -0.537525 -0.412525 -0.412525 0.0874751
25 0.214338 -0.117693 -0.180193 0.0698067 -0.555193 -0.555193 -0.555193 0.444807
26 0.2239 -0.0807879 -0.143288 -0.0182879 -0.643288 -0.268288 -0.268288 0.231712
27 0.230323 -0.0782709 -0.0782709 0.0467291 -0.578271 -0.203271 -0.203271 0.296729
28 0.23185 -0.0884621 -0.150962 0.0990379 -0.650962 -0.525962 -0.525962 0.474038
29 0.232621 -0.107223 -0.169723 -0.0447232 -0.669723 -0.294723 -0.294723 0.205277
30 0.236079 -0.115484 -0.240484 0.00951649 -0.740484 -0.490484 -0.490484 0.509516
31 0.235891 -0.146921 -0.271921 0.103079 -0.771921 -0.521921 -0.521921 0.478079
32 0.222085 -0.117758 -0.305258 0.0697416 -0.805258 -0.430258 -0.430258 0.569742
33 0.1986 -0.14515 -0.20765 -0.0826502 -0.70765 -0.45765 -0.45765 0.54235
34 0.183124 -0.199689 -0.262189 -0.012189 -0.887189 -0.637189 -0.637189 0.362811
35 0.179734 -0.230422 -0.355422 0.0195781 -0.730422 -0.480422 -0.480422 0.519578
36 0.174458 -0.184917 -0.247417 0.00258255 -0.872417 -0.497417 -0.497417 0.502583
37 0.158997 -0.235535 -0.298035 -0.0480346 -0.798035 -0.423035 -0.423035 0.576965
38 0.142802 -0.255635 -0.255635 -0.00563504 -0.880635 -0.630635 -0.630635 0.369365
39 0.143595 -0.196249 -0.321249 -0.0712486 -0.821249 -0.696249 -0.696249 0.303751
40 0.152372 -0.242159 -0.304659 -0.0546594 -0.804659 -0.429659 -0.429659 0.570341
41 0.147901 -0.250537 -0.313037 -0.0630365 -0.813037 -0.688037 -0.688037 0.311963
42 0.132399 -0.269944 -0.332444 -0.0824445 -0.832444 -0.707444 -0.707444 0.292556
43 0.121991 -0.245197 -0.432697 -0.0576965 -0.932697 -0.557697 -0.557697 0.442303
44 0.126115 -0.256697 -0.381697 -0.131697 -0.881697 -0.506697 -0.506697 0.493303
45 0.134621 -0.244286 -0.306786 -0.181786 -0.931786 -0.681786 -0.681786 0.318214
46 0.134071 -0.276085 -0.338585 -0.0885855 -0.838585 -0.338585 -0.338585 0.661415
47 0.121323 -0.331802 -0.331802 -0.0818025 -0.956802 -0.456802 -0.456802 0.543198
48 0.100726 -0.321149 -0.383649 -0.133649 -0.883649 -0.758649 -0.758649 0.241351
49 0.0915609 -0.322502 -0.322502 -0.0725016 -1.0725 -0.572502 -0.572502 0.427498
50 0.0872072 -0.315137 -0.440137 -0.190137 -1.06514 -0.440137 -0.440137 0.0598634
51 0.0759799 -0.314645 -0.377145 -0.252145 -1.00215 -0.752145 -0.752145 0.247855
52 0.0521446 -0.318949 -0.506449 -0.256449 -1.00645 -0.631449 -0.631449 0.368551
53 0.0273834 -0.347617 -0.597617 -0.222617 -1.09762 -0.597617 -0.597617 0.402383
54 0.0146016 -0.372117 -0.434617 -0.184617 -1.18462 -0.559617 -0.559617 0.440383
55 0.0112 -0.391144 -0.391144 -0.141144 -1.14114 -0.766144 -0.766144 0.233856
56 0.0149551 -0.363951 -0.551451 -0.301451 -1.17645 -0.551451 -0.551451 0.448549
57 0.0191815 -0.402694 -0.527694 -0.277694 -1.02769 -0.777694 -0.777694 0.222306
58 0.0163884 -0.405487 -0.530487 -0.280487 -1.15549 -0.655487 -0.655487 0.344513
59 0.0116594 -0.421934 -0.484434 -0.234434 -1.10943 -0.859434 -0.859434 0.140566
60 0.0125183 -0.409357 -0.409357 -0.159357 -1.15936 -0.659357 -0.659357 0.340643
61 0.0182567 -0.438775 -0.438775 -0.188775 -1.06377 -0.438775 -0.438775 0.0612254
62 0.0176187 -0.396444 -0.521444 -0.146444 -1.14644 -0.646444 -0.646444 0.353556
63 0.00878329 -0.436529 -0.561529 -0.186529 -1.06153 -0.811529 -0.811529 0.188471
64 0.00735646 -0.406706 -0.469206 -0.219206 -1.09421 -0.719206 -0.719206 0.280794
65 0.023266 -0.437671 -0.500171 -0.125171 -1.00017 -0.750171 -0.750171 0.249829
66 0.0494111 -0.399808 -0.524808 -0.149808 -1.02481 -0.524808 -0.524808 0.475192
67 0.0647481 -0.372752 -0.560252 -0.185252 -1.06025 -0.560252 -0.560252 0.439748
68 0.064566 -0.404184 -0.466684 -0.216684 -1.09168 -0.841684 -0.341684 0.158316
69 0.0645376 -0.361244 -0.361244 -0.236244 -1.11124 -0.361244 -0.361244 0.138756
70 0.0833379 -0.401037 -0.401037 -0.151037 -1.02604 -0.401037 -0.401037 0.598963
71 0.107795 -0.290643 -0.478143 -0.103143 -0.978143 -0.478143 -0.478143 0.521857
72 0.119675 -0.282669 -0.470169 -0.0951686 -1.09517 -0.470169 -0.470169 0.529831
73 0.118941 -0.299028 -0.361528 -0.111528 -0.986528 -0.486528 -0.486528 0.513472
74 0.119743 -0.306038 -0.493538 -0.118538 -0.993538 -0.368538 -0.368538 0.631462
75 0.128443 -0.293432 -0.418432 -0.168432 -0.918432 -0.543432 -0.543432 0.456568
76 0.133649 -0.292132 -0.354632 -0.104632 -0.854632 -0.479632 -0.479632 0.520368
77 0.131904 -0.321221 -0.383721 -0.133721 -1.00872 -0.758721 -0.258721 0.241279
78 0.136424 -0.308888 -0.371388 -0.121388 -0.996388 -0.746388 -0.746388 0.253612
79 0.151772 -0.29354 -0.29354 -0.04354 -1.04354 -0.54354 -0.54354 0.45646
80 0.164638 -0.218174 -0.343174 0.0318256 -0.843174 -0.718174 -0.718174 0.281826
81 0.167857 -0.296987 -0.359487 0.015513 -0.859487 -0.359487 -0.359487 0.640513
82 0.157281 -0.288031 -0.288031 0.0869689 -0.913031 -0.538031 -0.538031 0.461969
83 0.13869 -0.310529 -0.373029 0.00197085 -0.998029 -0.373029 -0.373029 0.626971
84 0.120845 -0.293218 -0.418218 -0.168218 -1.04322 -0.793218 -0.793218 0.206782
85 0.126399 -0.29157 -0.35407 -0.10407 -0.97907 -0.60407 -0.60407 0.39593
86 0.153211 -0.284289 -0.346789 -0.0967893 -0.971789 -0.471789 -0.471789 0.528211
87 0.186518 -0.227544 -0.290044 -0.0400445 -0.915044 -0.290044 -0.290044 0.709956
88 0.198565 -0.262373 -0.387373 -0.0123726 -0.887373 -0.637373 -0.637373 0.362627
89 0.184754 -0.260558 -0.260558 -0.0105582 -0.885558 -0.385558 -0.385558 0.614442
90 0.168069 -0.249899 -0.312399 -0.0623994 -1.0624 -0.812399 -0.312399 0.687601
91 0.172112 -0.277107 -0.339607 -0.0896071 -1.08961 -0.339607 -0.339607 0.660393
92 0.200088 -0.26085 -0.26085 -0.13585 -1.01085 -0.38585 -0.38585 0.61415
93 0.232358 -0.232486 -0.419986 0.0800141 -0.794986 -0.294986 -0.294986 0.705014
94 0.241928 -0.195572 -0.320572 0.0544285 -0.945572 -0.695572 -0.695572 0.304428
95 0.235967 -0.244502 -0.244502 0.00549801 -0.994502 -0.619502 -0.619502 0.380498
96 0.235404 -0.194283 -0.256783 -0.00678345 -1.00678 -0.256783 -0.256783 0.743217
97 0.240683 -0.189005 -0.314005 -0.0640048 -0.814005 -0.314005 -0.314005 0.685995
98 0.23629 -0.205117 -0.330117 0.0448834 -0.830117 -0.580117 -0.580117 0.419883
99 0.211102 -0.273273 -0.335773 -0.0857731 -0.960773 -0.710773 -0.710773 0.789227
100 0.186677 -0.278167 -0.340667 -0.0906666 -1.09067 -0.590667 -0.590667 0.409333
101 0.194063 -0.200468 -0.387968 -0.0129681 -1.01297 -0.387968 -0.387968 0.612032
102 0.238805 -0.226039 -0.351039 0.0239613 -0.976039 -0.226039 -0.226039 0.273961
103 0.279194 -0.209087 -0.271587 0.103413 -0.896587 -0.646587 -0.646587 0.353413
104 0.295154 -0.142346 -0.267346 0.107654 -0.892346 -0.642346 -0.142346 0.357654
105 0.301508 -0.139899 -0.202399 0.0476014 -0.952399 -0.202399 -0.202399 0.297601
106 0.323075 -0.0675503 -0.19255 0.18245 -0.94255 -0.44255 -0.44255 0.55745
107 0.359412 -0.0819944 -0.144494 0.230506 -0.769494 -0.144494 -0.144494 0.855506
108 0.390168 -0.0942067 -0.156707 0.0932933 -0.656707 -0.281707 -0.281707 0.718293
109 0.409728 -0.0160537 -0.0785537 0.171446 -0.828554 -0.0785537 -0.0785537 0.921446
110 0.424438 0.00646932 -0.118531 0.131469 -0.868531 -0.368531 -0.368531 0.631469
111 0.434423 -0.0147957 -0.139796 0.235204 -0.889796 -0.264796 -0.264796 0.735204
112 0.448068 0.0340053 -0.0284947 0.346505 -0.653495 -0.278495 -0.278495 0.721505
113 0.474178 0.0210534 0.0210534 0.271053 -0.728947 -0.353947 -0.353947 0.646053
114 0.504343 0.0355927 0.0355927 0.285593 -0.839407 -0.339407 -0.339407 0.660593
115 0.51614 0.0200459 -0.0424541 0.332546 -0.667454 -0.167454 -0.167454 0.832546
116 0.516516 0.01261 -0.04989 0.32511 -0.67489 -0.04989 -0.04989 0.95011
117 0.532963 0.0642126 0.00171259 0.376713 -0.748287 -0.373287 -0.373287 0.626713
118 0.57173 0.16548 0.0404803 0.41548 -0.70952 -0.20952 -0.20952 0.79048
119 0.601248 0.140311 0.140311 0.390311 -0.734689 -0.234689 -0.234689 0.765311
120 0.600615 0.186553 0.124053 0.249053 -0.625947 0.124053 0.124053 1.12405
121 0.587368 0.122524 0.122524 0.372524 -0.627476 -0.252476 -0.252476 0.747524
122 0.594947 0.153541 0.028541 0.403541 -0.596459 0.028541 0.028541 1.02854
123 0.625517 0.203642 0.0786421 0.453642 -0.671358 -0.296358 -0.296358 1.20364
124 0.661766 0.235985 0.110985 0.485985 -0.514015 -0.139015 -0.139015 0.860985
125 0.686621 0.245215 0.120215 0.495215 -0.504785 -0.254785 -0.254785 0.745215
126 0.697591 0.283528 0.221028 0.596028 -0.528972 -0.0289718 -0.0289718 0.971028
127 0.691899 0.230961 0.230961 0.480961 -0.644039 -0.0190387 -0.0190387 0.980961
128 0.670046 0.209108 0.146608 0.521608 -0.603392 -0.103392 -0.103392 0.896608
129 0.643795 0.218014 0.155514 0.405514 -0.594486 0.0305142 0.0305142 1.03051
130 0.628573 0.265292 0.202792 0.452792 -0.422208 -0.172208 -0.172208 0.827792
131 0.628804 0.191304 0.128804 0.503804 -0.621196 -0.121196 -0.121196 0.878804
132 0.642566 0.205066 0.0800658 0.455066 -0.669934 -0.169934 -0.169934 0.830066
133 0.654214 0.224526 0.0995263 0.349526 -0.525474 0.0995263 0.0995263 1.09953
134 0.647349 0.225474 0.162974 0.412974 -0.587026 -0.212026 -0.212026 0.787974
135 0.617262 0.183669 0.121169 0.371169 -0.628831 -0.00383131 -0.00383131 0.996169
136 0.586469 0.121625 0.121625 0.371625 -0.503375 -0.253375 -0.253375 0.746625
137 0.580979 0.143479 0.0184793 0.393479 -0.606521 0.0184793 0.0184793 1.01848
138 0.604809 0.151684 0.0266836 0.401684 -0.598316 -0.348316 -0.348316 1.15168
139 0.639283 0.213502 0.151002 0.526002 -0.598998 0.0260016 0.0260016 1.026
140 0.66164 0.200703 0.0757027 0.450703 -0.549297 0.0757027 0.0757027 1.0757
141 0.666162 0.275537 0.213037 0.463037 -0.536963 0.213037 0.213037 1.21304
142 0.64908 0.238924 0.238924 0.488924 -0.636076 -0.261076 -0.261076 0.738924
143 0.621083 0.152333 0.214833 0.464833 -0.660167 -0.160167 -0.160167 0.839833
144 0.592283 0.154783 0.0297826 0.279783 -0.720217 -0.220217 -0.220217 0.779783
145 0.573298 0.120173 -0.0048267 0.370173 -0.629827 -0.0048267 -0.0048267 0.995173
146 0.57296 0.162804 0.0378038 0.412804 -0.587196 -0.337196 -0.337196 0.662804
147 0.584228 0.119384 0.0568838 0.431884 -0.568116 -0.193116 -0.193116 0.806884
148 0.588501 0.16272 0.10022 0.35022 -0.64978 -0.0247803 -0.0247803 0.97522
149 0.571263 0.157201 -0.0302991 0.344701 -0.655299 -0.155299 -0.155299 0.844701
150 0.541676 0.104176 -0.0208238 0.354176 -0.645824 -0.270824 -0.270824 0.729176
151 0.524589 0.0714642 0.00896419 0.258964 -0.616036 0.00896419 0.00896419 1.00896
152 0.526462 0.0733371 0.0108371 0.260837 -0.614163 -0.114163 -0.114163 0.885837
153 0.538861 0.120892 -0.00410803 0.245892 -0.629108 -0.00410803 -0.00410803 0.995892
154 0.538864 0.132614 -0.0548864 0.195114 -0.804886 -0.304886 -0.304886 0.695114
155 0.518232 0.0729199 -0.0520801 0.32292 -0.67708 -0.17708 -0.17708 0.82292
156 0.494926 0.0457075 -0.0167925 0.358208 -0.766792 -0.266792 -0.266792 0.733208
157 0.486917 -0.0365202 0.0259798 0.27598 -0.72402 -0.34902 -0.34902 0.65098
158 0.50095 0.0126689 0.0126689 0.262669 -0.737331 -0.362331 -0.362331 0.637669
159 0.517901 0.0296198 -0.0953802 0.40462 -0.84538 -0.0953802 -0.0953802 0.90462
160 0.52134 0.0955584 -0.0294416 0.345558 -0.779442 -0.0294416 -0.0294416 0.970558
161 0.517691 0.0489415 0.0489415 0.173941 -0.701059 0.0489415 0.0489415 1.04894
162 0.526047 0.0260466 0.0260466 0.276047 -0.848953 -0.473953 0.0260466 1.02605
163 0.540535 0.0678792 0.00537923 0.380379 -0.744621 -0.119621 -0.119621 0.880379
164 0.539795 0.0866705 0.0241705 0.27417 -0.72583 -0.22583 -0.22583 0.77417
165 0.521798 0.076485 0.076485 0.326485 -0.673515 -0.173515 -0.173515 0.826485
166 0.504849 0.0282867 -0.0967133 0.278287 -0.721713 -0.346713 -0.346713 0.653287
167 0.506563 0.104219 -0.0207812 0.229219 -0.895781 -0.395781 -0.395781 0.604219
168 0.516937 0.0911554 -0.0338446 0.341155 -0.783845 -0.408845 -0.408845 1.09116
169 0.52591 0.100129 -0.0248712 0.225129 -0.774871 -0.0248712 -0.0248712 0.975129
170 0.520791 0.106729 -0.018271 0.231729 -0.768271 -0.143271 -0.143271 0.856729
171 0.50113 0.00894263 -0.0535574 0.321443 -0.803557 -0.0535574 -0.0535574 0.946443
172 0.476974 0.0160362 0.0160362 0.266036 -0.733964 -0.108964 -0.108964 0.891036
173 0.459696 -0.00514788 -0.00514788 0.369852 -0.755148 -0.130148 -0.130148 0.869852
174 0.446508 -0.0027105 -0.0652105 0.184789 -0.815211 -0.315211 -0.315211 0.684789
175 0.430534 -0.00696586 -0.0694659 0.180534 -0.694466 -0.194466 -0.194466 0.805534
176 0.410625 -0.0424998 -0.0424998 0.2075 -0.6675 -0.1675 -0.1675 0.8325
177 0.403063 -0.0266249 -0.151625 0.0983751 -0.776625 -0.401625 -0.401625 0.598375
178 0.415641 -0.0570149 -0.0570149 0.192985 -0.807015 -0.307015 -0.307015 0.692985
179 0.424226 -0.00936795 -0.0718679 0.178132 -0.821868 -0.0718679 -0.0718679 0.928132
180 0.403797 -0.0180781 -0.0805781 0.169422 -0.705578 -0.0805781 -0.580578 0.919422
181 0.361478 -0.052585 -0.052585 0.072415 -0.677585 -0.427585 -0.427585 0.572415
182 0.321899 -0.111695 -0.174195 0.0758053 -0.799195 -0.549195 -0.549195 0.450805
183 0.303618 -0.137789 -0.262789 0.112211 -0.887789 -0.137789 -0.637789 0.362211
184 0.300862 -0.191326 -0.191326 0.0586743 -0.941326 -0.191326 -0.191326 0.808674
185 0.301872 -0.159066 -0.159066 0.0909341 -0.909066 -0.284066 -0.284066 0.715934
186 0.29701 -0.144396 -0.206896 0.0431042 -0.831896 -0.581896 -0.581896 0.418104
187 0.289617 -0.108821 -0.233821 0.0161794 -0.858821 -0.608821 -0.608821 0.391179
188 0.287116 -0.107415 -0.294915 0.0800851 -0.794915 -0.294915 -0.294915 0.705085
189 0.285458 -0.144229 -0.206729 0.0432709 -0.956729 -0.331729 -0.331729 0.668271
190 0.282028 -0.143753 -0.268753 0.106247 -0.893753 -0.643753 -0.643753 0.356247
191 0.267149 -0.135194 -0.322694 -0.0726943 -0.822694 -0.322694 -0.322694 0.677306
192 0.252388 -0.224175 -0.161675 -0.0366747 -0.911675 -0.411675 -0.411675 0.588325
193 0.252478 -0.173304 -0.173304 0.0766965 -0.923304 -0.548304 -0.548304 0.451696
194 0.268538 -0.18068 -0.24318 0.00681974 -0.86818 -0.49318 -0.49318 0.50682
195 0.286899 -0.146694 -0.209194 0.0408057 -0.834194 -0.334194 -0.334194 0.665806
196 0.287669 -0.16155 -0.22405 0.0259501 -0.84905 -0.59905 -0.59905 0.40095
197 0.262435 -0.139909 -0.327409 0.0475915 -0.952409 -0.327409 -0.327409 0.672591
198 0.2238 -0.190263 -0.252763 -0.00276251 -1.00276 -0.252763 -0.252763 0.747237
199 0.20478 -0.213189 -0.275689 -0.0256891 -0.900689 -0.650689 -0.650689 0.349311
200 0.223941 -0.194028 -0.319028 0.0559723 -0.944028 -0.694028 -0.694028 0.305972
201 0.250751 -0.159405 -0.284405 -0.0344054 -0.909405 -0.534405 -0.534405 0.465595
202 0.246266 -0.222484 -0.284984 0.0900161 -0.909984 -0.409984 -0.409984 0.590016
203 0.217274 -0.271007 -0.333507 0.041493 -0.958507 -0.583507 -0.583507 0.416493
204 0.201081 -0.259857 -0.322357 0.0526433 -0.947357 -0.572357 -0.572357 0.427643
205 0.212909 -0.20506 -0.33006 0.0449398 -0.95506 -0.70506 -0.20506 0.79494
206 0.227525 -0.221693 -0.284193 -0.0341934 -0.784193 -0.409193 -0.409193 0.590807
207 0.219153 -0.218347 -0.280847 -0.0308468 -0.905847 -0.530847 -0.530847 0.469153
208 0.198756 -0.305151 -0.242651 0.00734928 -0.992651 -0.742651 -0.742651 0.757349
209 0.189737 -0.271201 -0.333701 0.0412991 -0.958701 -0.708701 -0.708701 0.791299
210 0.207432 -0.245693 -0.308193 -0.0581926 -0.933193 -0.558193 -0.558193 0.441807
211 0.236444 -0.201056 -0.263556 0.111444 -0.888556 -0.638556 -0.638556 0.361444
212 0.253605 -0.133114 -0.195614 0.054386 -0.820614 -0.570614 -0.570614 0.429386
213 0.250117 -0.152226 -0.214726 0.0352737 -0.964726 -0.714726 -0.214726 0.785274
214 0.245368 -0.172601 -0.360101 0.0148989 -0.985101 -0.735101 -0.235101 0.764899
215 0.250386 -0.206645 -0.269145 0.105855 -0.894145 -0.644145 -0.644145 0.355855
216 0.250637 -0.202488 -0.327488 0.0475122 -0.952488 -0.452488 -0.452488 0.547512
217 0.225777 -0.250786 -0.250786 -0.000785519 -0.875786 -0.625786 -0.625786 0.874214
218 0.182918 -0.238957 -0.301457 -0.0514566 -1.05146 -0.426457 -0.426457 0.573543
219 0.15219 -0.226716 -0.351716 -0.101716 -0.976716 -0.601716 -0.601716 0.398284
220 0.150604 -0.271271 -0.271271 -0.0212713 -1.02127 -0.521271 -0.521271 0.478729
221 0.164708 -0.296229 -0.296229 -0.0462293 -0.921229 -0.671229 -0.671229 0.328771
222 0.182293 -0.294269 -0.294269 -0.0442695 -1.04427 -0.794269 -0.794269 0.705731
223 0.204707 -0.236699 -0.361699 0.0133009 -0.986699 -0.361699 -0.361699 0.638301
224 0.236337 -0.232413 -0.294913 -0.044913 -0.919913 -0.294913 -0.294913 0.705087
225 0.257228 -0.203709 -0.328709 0.0462908 -0.828709 -0.453709 -0.453709 0.546291
226 0.24783 -0.228732 -0.291232 0.0837675 -0.916232 -0.291232 -0.291232 0.708768
227 0.215529 -0.23369 -0.35869 0.0163101 -0.85869 -0.73369 -0.23369 0.76631
228 0.182622 -0.282222 -0.344722 -0.0947222 -0.969722 -0.719722 -0.719722 0.280278
229 0.169432 -0.287599 -0.350099 -0.100099 -1.1001 -0.725099 -0.725099 0.774901
230 0.180787 -0.287963 -0.287963 -0.0379627 -0.912963 -0.537963 -0.537963 0.462037
231 0.201024 -0.267726 -0.330226 0.0447738 -0.955226 -0.580226 -0.580226 0.419774
232 0.21224 -0.205729 -0.268229 0.106771 -0.893229 -0.393229 -0.393229 0.606771
233 0.203882 -0.19065 -0.31565 0.0593504 -0.94065 -0.44065 -0.44065 0.55935
234 0.183785 -0.202934 -0.327934 -0.0779338 -1.07793 -0.327934 -0.327934 0.672066
235 0.169238 -0.225294 -0.350294 -0.100294 -0.975294 -0.600294 -0.600294 0.399706
236 0.166269 -0.275137 -0.337637 -0.0876371 -0.962637 -0.337637 -0.337637 0.662363
237 0.1827 -0.278237 -0.278237 -0.0282375 -1.02824 -0.528237 -0.528237 0.471763
238 0.209779 -0.180846 -0.243346 0.00665401 -0.993346 -0.368346 -0.368346 0.631654
239 0.229725 -0.1609 -0.2859 -0.0359004 -0.9109 -0.4109 -0.4109 0.5891
240 0.231147 -0.218071 -0.280571 -0.0305713 -0.905571 -0.280571 -0.280571 0.719429
241 0.224924 -0.224294 -0.224294 0.0257057 -0.849294 -0.724294 -0.724294 0.775706
242 0.231097 -0.175153 -0.300153 0.0748473 -0.925153 -0.425153 -0.425153 0.574847
243 0.250927 -0.147511 -0.272511 -0.0225106 -0.897511 -0.522511 -0.522511 0.477489
244 0.276931 -0.109788 -0.172288 -0.0472882 -0.922288 -0.422288 -0.422288 0.577712
245 0.294218 -0.0768753 -0.201875 0.0481247 -0.826875 -0.451875 -0.451875 0.548125
246 0.295995 -0.153224 -0.278224 0.0967765 -0.903224 -0.278224 -0.278224 0.721776
247 0.280495 -0.160911 -0.223411 0.0265892 -0.848411 -0.598411 -0.598411 0.901589
248 0.264274 -0.145882 -0.270882 -0.0208819 -0.770882 -0.645882 -0.645882 0.354118
249 0.266368 -0.139882 -0.264882 -0.0148824 -1.01488 -0.389882 -0.389882 0.610118
250 0.285543 -0.116801 -0.179301 0.0706993 -0.929301 -0.304301 -0.304301 0.695699
251 0.296353 -0.11771 -0.24271 0.13229 -0.86771 -0.49271 -0.49271 0.50729
252 0.280621 -0.164692 -0.289692 0.0853081 -0.914692 -0.289692 -0.289692 0.710308
253 0.248888 -0.172987 -0.235487 0.0145133 -0.985487 -0.485487 -0.485487 0.514513
254 0.227854 -0.170584 -0.358084 0.0169163 -0.983084 -0.358084 -0.358084 0.641916
255 0.230158 -0.176092 -0.238592 -0.113592 -0.988592 -0.488592 -0.488592 0.511408
256 0.245504 -0.176371 -0.301371 0.073629 -0.926371 -0.551371 -0.551371 0.448629
257 0.256873 -0.180627 -0.180627 -0.0556273 -0.930627 -0.680627 -0.680627 0.819373
258 0.267199 -0.150769 -0.213269 0.0367306 -0.838269 -0.338269 -0.338269 0.661731
259 0.275635 -0.181396 -0.243896 0.131104 -0.993896 -0.243896 -0.243896 0.756104
260 0.276605 -0.149176 -0.211676 0.163324 -0.836676 -0.461676 -0.461676 0.538324
261 0.263312 -0.146844 -0.334344 0.0406561 -0.959344 -0.709344 -0.709344 0.790656
262 0.241569 -0.203743 -0.266243 -0.0162432 -0.891243 -0.516243 -0.516243 0.483757
263 0.229074 -0.184988 -0.184988 -0.0599881 -0.809988 -0.559988 -0.559988 0.440012
264 0.234928 -0.206478 -0.206478 0.0435218 -0.831478 -0.706478 -0.706478 0.793522
265 0.239652 -0.17441 -0.36191 0.0130896 -0.86191 -0.73691 -0.23691 0.76309
266 0.228913 -0.173431 -0.360931 0.0140695 -0.860931 -0.735931 -0.735931 0.764069
267 0.214785 -0.183653 -0.308653 0.0663474 -0.933653 -0.308653 -0.308653 0.691347
268 0.215538 -0.237587 -0.300087 -0.050087 -0.925087 -0.550087 -0.550087 0.449913
269 0.224863 -0.212637 -0.275137 -0.0251368 -0.900137 -0.400137 -0.400137 0.599863
270 0.232552 -0.18151 -0.24401 -0.11901 -0.86901 -0.74401 -0.24401 0.75599
271 0.232153 -0.166285 -0.228785 -0.103785 -0.978785 -0.228785 -0.728785 0.271215
272 0.224553 -0.18951 -0.25201 -0.00200999 -0.87701 -0.37701 -0.37701 0.62299
273 0.215962 -0.229351 -0.354351 0.0206492 -0.979351 -0.479351 -0.479351 0.520649
274 0.212934 -0.216754 -0.341754 -0.0917539 -0.966754 -0.466754 -0.466754 0.533246
275 0.223874 -0.174563 -0.237063 -0.112063 -0.862063 -0.612063 -0.612063 0.887937
276 0.243121 -0.202192 -0.327192 0.047808 -0.827192 -0.202192 -0.202192 0.797808
277 0.257092 -0.196033 -0.321033 0.0539667 -0.821033 -0.696033 -0.196033 0.803967
278 0.260646 -0.165136 -0.290136 -0.0401356 -0.915136 -0.290136 -0.290136 0.709864
279 0.265628 -0.195309 -0.320309 0.0546906 -0.945309 -0.570309 -0.570309 0.429691
280 0.269153 -0.168347 -0.293347 0.0816532 -0.918347 -0.543347 -0.543347 0.456653
281 0.260813 -0.196218 -0.196218 0.0537822 -0.946218 -0.446218 -0.446218 0.553782
282 0.251049 -0.163014 -0.350514 0.0244862 -0.975514 -0.225514 -0.725514 0.774486
283 0.256862 -0.149388 -0.336888 0.0381122 -0.836888 -0.336888 -0.336888 0.663112
284 0.273007 -0.164493 -0.226993 0.148007 -0.851993 -0.476993 -0.476993 0.523007
285 0.282194 -0.1514 -0.2139 0.0361003 -0.8389 -0.5889 -0.5889 0.4111
286 0.265911 -0.140339 -0.265339 0.109661 -0.890339 -0.390339 -0.390339 0.609661
287 0.22973 -0.199957 -0.262457 -0.0124571 -1.01246 -0.637457 -0.637457 0.362543
288 0.196159 -0.225716 -0.350716 -0.100716 -1.10072 -0.350716 -0.350716 0.649284
289 0.192638 -0.29955 -0.29955 -0.0495498 -1.04955 -0.42455 -0.42455 0.57545
290 0.209147 -0.255696 -0.318196 -0.0681963 -0.943196 -0.568196 -0.568196 0.431804
291 0.230337 -0.195445 -0.257945 -0.00794467 -0.882945 -0.257945 -0.257945 0.742055
292 0.24469 -0.188904 -0.251404 0.123596 -1.0014 -0.376404 -0.376404 0.623596
293 0.260273 -0.17332 -0.29832 -0.0483204 -0.92332 -0.54832 -0.54832 0.45168
294 0.278103 -0.155491 -0.280491 -0.0304912 -0.905491 -0.280491 -0.280491 0.719509
295 0.283583 -0.153917 -0.278917 -0.0289174 -0.903917 -0.403917 -0.403917 0.596083
296 0.265408 -0.18381 -0.24631 0.00368953 -0.87131 -0.62131 -0.62131 0.37869
297 0.246009 -0.218834 -0.281334 0.0936657 -0.906334 -0.281334 -0.281334 0.718666
298 0.244314 -0.193186 -0.255686 -0.00568552 -1.00569 -0.380686 -0.380686 0.619314
299 0.264865 -0.172635 -0.297635 -0.0476346 -0.922635 -0.422635 -0.422635 0.577365
300 0.290632 -0.146868 -0.209368 0.0406321 -0.959368 -0.584368 -0.584368 0.415632
301 0.31211 -0.180078 -0.242578 0.132422 -0.742578 -0.242578 -0.242578 0.757422
302 0.320418 -0.179582 -0.242082 0.132918 -0.867082 -0.492082 -0.492082 0.507918
303 0.320185 -0.144659 -0.144659 -0.019659 -0.894659 -0.519659 -0.519659 0.480341
304 0.314596 -0.138529 -0.138529 -0.0135292 -0.763529 -0.138529 -0.638529 0.861471
305 0.306569 -0.14265 -0.20515 0.0448503 -0.95515 -0.58015 -0.58015 0.41985
306 0.307916 -0.16474 -0.22724 0.14776 -0.97724 -0.22724 -0.22724 0.77276
307 0.310905 -0.177376 -0.302376 0.0726239 -0.802376 -0.552376 -0.552376 0.447624
308 0.306778 -0.119003 -0.119003 0.130997 -0.869003 -0.244003 -0.244003 0.755997
309 0.302374 -0.146845 -0.209345 0.040655 -0.959345 -0.584345 -0.584345 0.415655
310 0.308838 -0.113037 -0.175537 0.199463 -1.05054 -0.425537 -0.425537 0.574463
311 0.317673 -0.143264 -0.268264 0.231736 -0.893264 -0.143264 -0.143264 0.856736
312 0.317691 -0.166684 -0.229184 0.270816 -0.854184 -0.354184 -0.354184 0.645816
313 0.308932 -0.16763 -0.16763 0.0823697 -0.79263 -0.29263 -0.29263 0.70737
314 0.30389 -0.13361 -0.25861 0.11639 -0.88361 -0.13361 -0.63361 0.86639
315 0.314138 -0.0882062 -0.213206 0.0367938 -0.963206 -0.338206 -0.338206 0.661794
316 0.329834 -0.115478 -0.115478 0.00952172 -0.990478 -0.490478 -0.490478 0.509522
317 0.336713 -0.132037 -0.194537 0.0554631 -0.819537 -0.444537 -0.444537 0.555463
318 0.332711 -0.0774457 -0.202446 0.0475543 -0.827446 -0.202446 -0.202446 0.797554
319 0.325372 -0.112128 -0.112128 0.137872 -0.862128 -0.362128 -0.362128 0.637872
320 0.31976 -0.0864898 -0.14899 0.10101 -0.89899 -0.14899 -0.64899 0.85101
321 0.307145 -0.0756677 -0.263168 0.111832 -0.888168 -0.263168 -0.263168 0.736832
322 0.284302 -0.102416 -0.164916 0.0850836 -0.914916 -0.539916 -0.539916 0.460084
323 0.265511 -0.22277 -0.16027 0.0897301 -0.91027 -0.41027 -0.41027 0.58973
324 0.260294 -0.216269 -0.216269 0.033731 -0.966269 -0.341269 -0.341269 0.658731
325 0.263302 -0.178104 -0.303104 0.0718957 -0.928104 -0.303104 -0.303104 0.696896
326 0.270089 -0.151786 -0.276786 0.098214 -0.901786 -0.526786 -0.526786 0.473214
327 0.267107 -0.178206 -0.303206 0.0717941 -0.928206 -0.428206 -0.428206 0.571794
328 0.250097 -0.16006 -0.22256 0.0274403 -0.97256 -0.59756 -0.59756 0.40244
329 0.229244 -0.192631 -0.255131 -0.00513112 -1.00513 -0.255131 -0.255131 0.744869
330 0.215205 -0.257451 -0.257451 -0.00745088 -1.00745 -0.507451 -0.507451 0.492549
331 0.218046 -0.207735 -0.270235 -0.0202348 -0.895235 -0.270235 -0.270235 0.729765
332 0.229302 -0.200385 -0.200385 0.0496148 -0.950385 -0.325385 -0.325385 0.674615
333 0.235326 -0.163111 -0.288111 -0.038111 -1.03811 -0.538111 -0.538111 0.461889
334 0.223138 -0.147955 -0.335455 0.0395445 -1.08546 -0.460455 -0.460455 0.539545
335 0.198364 -0.207886 -0.332886 -0.0828856 -0.957886 -0.582886 -0.582886 0.417114
336 0.183344 -0.238531 -0.363531 0.0114686 -0.988531 -0.363531 -0.363531 0.636469
337 0.197355 -0.22452 -0.34952 0.0254803 -0.97452 -0.34952 -0.34952 0.65048
338 0.223659 -0.229466 -0.229466 0.0205343 -0.854466 -0.604466 -0.604466 0.395534
339 0.231357 -0.163174 -0.225674 0.0243257 -0.975674 -0.725674 -0.725674 0.774326
340 0.209013 -0.232393 -0.357393 -0.107393 -1.10739 -0.607393 -0.607393 0.392607
341 0.184197 -0.218147 -0.343147 0.0318529 -1.09315 -0.593147 -0.593147 0.406853
342 0.174706 -0.262794 -0.325294 -0.075294 -0.950294 -0.325294 -0.325294 0.674706
343 0.17359 -0.224847 -0.287347 -0.0373471 -0.912347 -0.537347 -0.537347 0.462653
344 0.160645 -0.265136 -0.327636 -0.0776362 -1.07764 -0.452636 -0.452636 0.547364
345 0.138227 -0.26021 -0.32271 -0.0727101 -1.07271 -0.44771 -0.44771 0.55229
346 0.11675 -0.305125 -0.305125 -0.0551254 -1.18013 -0.430125 -0.430125 0.569875
347 0.111199 -0.334113 -0.334113 -0.0841133 -0.959113 -0.709113 -0.709113 0.790887
348 0.128411 -0.29737 -0.42237 -0.17237 -1.04737 -0.79737 -0.29737 0.70263
349 0.151982 -0.238643 -0.363643 -0.113643 -0.988643 -0.363643 -0.363643 0.636357
350 0.167726 -0.261961 -0.324461 0.0505387 -1.07446 -0.449461 -0.449461 0.550539
351 0.176148 -0.202759 -0.390259 -0.0152586 -0.890259 -0.515259 -0.515259 0.484741
352 0.174105 -0.282927 -0.407927 -0.0329267 -1.03293 -0.532927 -0.532927 0.467073
353 0.16387 -0.285349 -0.410349 -0.160349 -0.910349 -0.785349 -0.785349 0.714651
354 0.149584 -0.28401 -0.34651 -0.0965102 -0.97151 -0.34651 -0.34651 0.65349
355 0.150021 -0.24451 -0.24451 -0.11951 -1.11951 -0.61951 -0.61951 0.38049
356 0.160264 -0.21083 -0.27333 -0.14833 -1.02333 -0.77333 -0.27333 0.72667
357 0.163623 -0.297315 -0.297315 -0.0473148 -1.04731 -0.547315 -0.547315 0.452685
358 0.149377 -0.303748 -0.366248 0.00875155 -1.11625 -0.616248 -0.616248 0.383752
359 0.127807 -0.294068 -0.294068 -0.0440681 -1.16907 -0.544068 -0.544068 0.455932
360 0.107668 -0.255613 -0.505613 -0.130613 -1.25561 -0.755613 -0.755613 0.244387
361 0.0924128 -0.313837 -0.438837 -0.0638372 -1.18884 -0.563837 -0.563837 0.436163
362 0.0837881 -0.334181 -0.521681 -0.0216806 -1.14668 -0.896681 -0.396681 0.603319
363 0.0891402 -0.332735 -0.395235 -0.0202348 -1.02023 -0.520235 -0.520235 0.479765
364 0.108948 -0.309021 -0.371521 0.00347917 -0.996521 -0.371521 -0.371521 0.628479
365 0.139494 -0.274569 -0.399569 -0.0245686 -1.02457 -0.649569 -0.649569 0.350431
366 0.160071 -0.261804 -0.386804 -0.0118043 -1.0118 -0.386804 -0.386804 0.613196
367 0.156745 -0.253412 -0.378412 -0.00341154 -1.12841 -0.628412 -0.628412 0.371588
368 0.127985 -0.301703 -0.364203 -0.114203 -1.2392 -0.364203 -0.864203 0.635797
369 0.0944354 -0.350877 -0.413377 -0.163377 -1.16338 -0.788377 -0.788377 0.211623
370 0.0828848 -0.358521 -0.421021 -0.171021 -1.17102 -0.796021 -0.796021 0.203979
371 0.0945835 -0.342916 -0.405416 -0.155416 -1.03042 -0.530416 -0.530416 0.469584
372 0.119562 -0.274969 -0.337469 -0.0874688 -1.08747 -0.712469 -0.712469 0.287531
373 0.150679 -0.302446 -0.302446 0.0725543 -1.05245 -0.677446 -0.677446 0.322554
374 0.174556 -0.212163 -0.399663 0.100337 -1.02466 -0.774663 -0.274663 0.725337
375 0.180628 -0.245154 -0.307654 0.0673464 -1.05765 -0.557654 -0.557654 0.442346
376 0.177804 -0.201103 -0.326103 0.0488975 -1.0761 -0.701103 -0.701103 0.298897
377 0.180068 -0.273057 -0.273057 0.101943 -1.02306 -0.648057 -0.648057 0.351943
378 0.186981 -0.234894 -0.359894 0.0151061 -0.984894 -0.484894 -0.484894 0.515106
379 0.181245 -0.232817 -0.295317 0.0796827 -1.04532 -0.295317 -0.295317 0.704683
380 0.162529 -0.28669 -0.34919 0.0258099 -0.97419 -0.72419 -0.72419 0.27581
381 0.146298 -0.240421 -0.365421 -0.115421 -0.990421 -0.490421 -0.490421 0.509579
382 0.148176 -0.269793 -0.457293 -0.207293 -1.08229 -0.332293 -0.332293 0.667707
383 0.171414 -0.207492 -0.332492 -0.0824921 -1.08249 -0.582492 -0.582492 0.417508
384 0.206716 -0.226878 -0.289378 -0.039378 -0.914378 -0.414378 -0.414378 0.585622
385 0.228347 -0.177903 -0.365403 0.00959738 -0.865403 -0.240403 -0.240403 0.759597
386 0.220206 -0.205575 -0.330575 0.0444247 -0.955575 -0.330575 -0.330575 0.669425
387 0.191399 -0.234383 -0.359383 0.0156174 -1.10938 -0.484383 -0.484383 0.515617
388 0.166694 -0.278619 -0.341119 -0.0911187 -1.09112 -0.716119 -0.716119 0.783881
389 0.168855 -0.295989 -0.420989 -0.0459886 -1.04599 -0.670989 -0.670989 0.329011
390 0.191027 -0.242567 -0.367567 0.00743345 -0.992567 -0.367567 -0.367567 0.632433
391 0.214827 -0.187516 -0.312516 0.0624837 -0.937516 -0.437516 -0.437516 0.562484
392 0.223375 -0.178968 -0.366468 0.00853168 -0.991468 -0.366468 -0.366468 0.633532
393 0.219029 -0.245815 -0.308315 -0.0583152 -1.05832 -0.308315 -0.308315 0.691685
394 0.218895 -0.249855 -0.249855 0.000145227 -0.999855 -0.624855 -0.624855 0.375145
395 0.223016 -0.132453 -0.257453 -0.00745265 -1.00745 -0.507453 -0.507453 0.492547
396 0.22505 -0.185106 -0.310106 -0.0601063 -1.06011 -0.685106 -0.685106 0.314894
397 0.227305 -0.214101 -0.276601 -0.0266009 -1.0266 -0.526601 -0.526601 0.473399
398 0.236822 -0.235834 -0.360834 0.0141655 -0.860834 -0.360834 -0.360834 0.639166
399 0.251386 -0.19002 -0.31502 0.05998 -0.94002 -0.31502 -0.31502 0.68498
400 0.263309 -0.150754 -0.338254 0.0367461 -0.838254 -0.338254 -0.338254 0.661746
401 0.265949 -0.179363 -0.241863 0.00813694 -0.866863 -0.491863 -0.491863 0.508137
402 0.261785 -0.195246 -0.320246 0.0547538 -0.945246 -0.570246 -0.570246 0.429754
403 0.256807 -0.211943 -0.211943 0.0380566 -0.961943 -0.336943 -0.336943 0.663057
404 0.260006 -0.169681 -0.294681 0.0803185 -0.919681 -0.419681 -0.419681 0.580319
405 0.278059 -0.17116 -0.17116 0.0788402 -0.92116 -0.29616 -0.29616 0.70384
406 0.310728 -0.169741 -0.232241 0.017759 -0.857241 -0.607241 -0.607241 0.392759
407 0.345642 -0.123108 -0.248108 0.126892 -0.873108 -0.373108 -0.373108 0.626892
408 0.356733 -0.0963919 -0.158892 0.0911081 -0.908892 -0.533892 -0.533892 0.466108
409 0.336592 -0.0891889 -0.151689 0.0983111 -0.901689 -0.401689 -0.401689 0.598311
410 0.299806 -0.0986312 -0.223631 0.0263688 -0.973631 -0.598631 -0.598631 0.401369
411 0.265711 -0.179602 -0.242102 0.00789804 -0.867102 -0.617102 -0.617102 0.382898
412 0.246921 -0.221829 -0.221829 0.0281713 -0.846829 -0.721829 -0.221829 0.778171
413 0.243501 -0.236968 -0.299468 -0.0494681 -0.799468 -0.674468 -0.674468 0.825532
414 0.25169 -0.201435 -0.326435 0.0485652 -0.951435 -0.576435 -0.576435 0.423565
415 0.267151 -0.119568 -0.307068 0.0679319 -0.932068 -0.307068 -0.307068 0.692932
416 0.277827 -0.15186 -0.27686 0.0981398 -0.90186 -0.40186 -0.40186 0.59814
417 0.272373 -0.153408 -0.278408 0.0965915 -0.903408 -0.278408 -0.278408 0.721592
418 0.257319 -0.207524 -0.270024 0.104976 -0.770024 -0.395024 -0.395024 0.604976
419 0.250263 -0.140362 -0.265362 0.109638 -0.765362 -0.390362 -0.390362 0.609638
420 0.261723 -0.124996 -0.312496 0.0625044 -0.937496 -0.562496 -0.562496 0.437504
421 0.281351 -0.156149 -0.218649 0.0313508 -0.843649 -0.343649 -0.343649 0.656351
422 0.285372 -0.136503 -0.199003 -0.0740032 -0.949003 -0.324003 -0.324003 0.675997
423 0.267755 -0.146307 -0.271307 0.103693 -0.771307 -0.646307 -0.646307 0.353693
424 0.231591 -0.155128 -0.280128 0.094872 -0.905128 -0.405128 -0.405128 0.594872
425 0.190542 -0.203989 -0.328989 -0.0789889 -1.07899 -0.703989 -0.203989 0.296011
426 0.163134 -0.262647 -0.325147 -0.0751471 -0.950147 -0.325147 -0.325147 0.674853
427 0.166842 -0.200345 -0.387845 -0.137845 -0.887845 -0.637845 -0.637845 0.362155
428 0.190889 -0.246611 -0.371611 0.00338905 -0.996611 -0.621611 -0.621611 0.378389
429 0.212724 -0.209151 -0.271651 -0.0216505 -0.896651 -0.396651 -0.396651 0.603349
430 0.21141 -0.233902 -0.296402 -0.0464023 -0.796402 -0.421402 -0.421402 0.578598
431 0.193447 -0.247959 -0.310459 0.0645407 -0.935459 -0.435459 -0.435459 0.564541
432 0.173004 -0.182464 -0.369964 0.00503554 -0.994964 -0.494964 -0.494964 0.505036
433 0.168106 -0.206894 -0.394394 -0.144394 -0.894394 -0.769394 -0.269394 0.730606
434 0.172358 -0.222173 -0.284673 -0.0346729 -1.03467 -0.534673 -0.534673 0.465327
435 0.177545 -0.30683 -0.36933 0.00567032 -0.99433 -0.61933 -0.61933 0.38067
436 0.187771 -0.238011 -0.425511 -0.0505107 -0.925511 -0.300511 -0.300511 0.699489
437 0.212469 -0.17425 -0.29925 0.07575 -1.04925 -0.42425 -0.42425 0.57575
438 0.234262 -0.125113 -0.312613 -0.0626134 -0.812613 -0.562613 -0.562613 0.437387
439 0.246017 -0.148514 -0.336014 0.0389862 -0.836014 -0.336014 -0.336014 0.663986
440 0.253066 -0.164903 -0.289903 0.0850969 -0.914903 -0.664903 -0.664903 0.835097
441 0.256673 -0.15739 -0.21989 0.0301104 -0.96989 -0.21989 -0.21989 0.78011
442 0.243957 -0.181824 -0.306824 0.0681758 -0.931824 -0.431824 -0.431824 0.568176
443 0.208605 -0.174208 -0.299208 -0.0492076 -0.924208 -0.299208 -0.299208 0.700792
444 0.164963 -0.229569 -0.292069 -0.0420687 -1.04207 -0.417069 -0.417069 0.582931
445 0.144355 -0.289238 -0.289238 -0.164238 -1.03924 -0.414238 -0.414238 0.585762
446 0.155714 -0.266161 -0.328661 -0.0786612 -0.953661 -0.453661 -0.453661 0.546339
447 0.174923 -0.27039 -0.39539 -0.0203895 -1.02039 -0.39539 -0.39539 0.60461
448 0.180313 -0.257187 -0.382187 -0.00718657 -1.00719 -0.257187 -0.257187 0.742813
449 0.167406 -0.223219 -0.285719 -0.0357187 -0.910719 -0.285719 -0.285719 0.714281
450 0.147952 -0.309079 -0.371579 -0.121579 -0.996579 -0.371579 -0.371579 0.628421
451 0.125496 -0.304191 -0.366691 -0.116691 -0.991691 -0.741691 -0.741691 0.258309
452 0.098217 -0.351002 -0.476002 -0.101002 -1.101 -0.726002 -0.726002 0.273998
453 0.0668195 -0.343337 -0.530837 -0.155837 -1.15584 -0.780837 -0.780837 0.219163
454 0.0489593 -0.353384 -0.415884 -0.165884 -1.16588 -0.540884 -0.540884 0.459116
455 0.0472413 -0.339477 -0.526977 -0.276977 -1.15198 -0.776977 -0.776977 0.223023
456 0.0534482 -0.423114 -0.548114 -0.298114 -1.04811 -0.548114 -0.548114 0.451886
457 0.0633658 -0.342884 -0.530384 -0.155384 -1.15538 -0.655384 -0.655384 0.344616
458 0.080434 -0.302378 -0.427378 -0.0523785 -1.05238 -0.427378 -0.427378 0.572622
459 0.102296 -0.272704 -0.335204 -0.0852035 -1.0852 -0.460204 -0.460204 0.539796
460 0.110539 -0.268367 -0.393367 -0.0183671 -1.01837 -0.393367 -0.393367 0.606633
461 0.102336 -0.315633 -0.503133 -0.128133 -1.00313 -0.503133 -0.503133 0.496867
462 0.0899438 -0.320212 -0.445212 -0.195212 -1.07021 -0.820212 -0.820212 0.679788
463 0.0951827 -0.291536 -0.479036 -0.104036 -1.10404 -0.729036 -0.729036 0.270964
464 0.117301 -0.339731 -0.402231 -0.152231 -1.02723 -0.777231 -0.777231 0.222769
465 0.134406 -0.310907 -0.310907 -0.0609069 -1.06091 -0.685907 -0.685907 0.314093
466 0.128628 -0.28934 -0.35184 -0.10184 -1.10184 -0.35184 -0.35184 0.64816
467 0.100553 -0.266635 -0.391635 -0.0166348 -1.01663 -0.641635 -0.641635 0.358365
468 0.0769593 -0.290228 -0.540228 -0.0402282 -1.16523 -0.415228 -0.415228 0.584772
469 0.071322 -0.350553 -0.413053 -0.038053 -1.16305 -0.788053 -0.788053 0.211947
470 0.0877788 -0.345815 -0.408315 -0.158315 -1.03331 -0.783315 -0.783315 0.216685
471 0.116375 -0.317219 -0.379719 -0.129719 -1.12972 -0.504719 -0.504719 0.495281
472 0.143675 -0.262575 -0.325075 0.0499247 -0.950075 -0.325075 -0.325075 0.674925
473 0.154437 -0.220563 -0.408063 -0.158063 -1.03306 -0.533063 -0.533063 0.466937
474 0.152972 -0.222028 -0.409528 -0.0345284 -1.03453 -0.659528 -0.659528 0.340472
475 0.154718 -0.177313 -0.427313 -0.177313 -1.05231 -0.677313 -0.677313 0.322687
476 0.159635 -0.234896 -0.359896 -0.109896 -0.984896 -0.609896 -0.609896 0.390104
477 0.163446 -0.250617 -0.375617 -0.125617 -0.875617 -0.500617 -0.500617 0.499383
478 0.175343 -0.20747 -0.39497 -0.0199698 -1.01997 -0.51997 -0.51997 0.48003
479 0.206792 -0.195552 -0.320552 0.0544485 -0.945552 -0.320552 -0.320552 0.679448
480 0.254645 -0.132074 -0.257074 0.117926 -0.882074 -0.507074 -0.507074 0.492926
481 0.300864 -0.0975731 -0.222573 0.152427 -0.972573 -0.222573 -0.222573 0.777427
482 0.319485 -0.141453 -0.203953 0.171047 -0.828953 -0.453953 -0.453953 0.546047
483 0.312564 -0.0468112 -0.171811 0.203189 -0.796811 -0.171811 -0.171811 0.828189
484 0.288329 -0.110109 -0.235109 0.139891 -0.860109 -0.360109 -0.360109 0.639891
485 0.261986 -0.0778576 -0.327858 0.0471424 -0.952858 -0.577858 -0.577858 0.422142
486 0.242627 -0.171435 -0.233935 -0.108935 -0.858935 -0.608935 -0.608935 0.391065
487 0.244533 -0.212498 -0.212498 0.0375018 -0.837498 -0.462498 -0.462498 0.537502
488 0.279393 -0.16592 -0.29092 0.0840804 -0.79092 -0.54092 -0.54092 0.45908
489 0.336951 -0.0224235 -0.147424 0.102576 -0.772424 -0.397424 -0.397424 0.602576
490 0.380823 -0.021521 -0.084021 0.165979 -0.834021 -0.459021 -0.459021 0.540979
491 0.382904 -0.027252 -0.152252 0.222748 -0.777252 -0.152252 -0.152252 0.847748
492 0.350272 -0.0286345 -0.216134 0.158866 -0.841134 -0.216134 -0.216134 0.783866
493 0.313314 -0.08903 -0.15153 0.09847 -0.77653 -0.52653 -0.52653 0.47347
494 0.304854 -0.109208 -0.234208 0.0157918 -0.859208 -0.359208 -0.359208 0.640792
495 0.326975 -0.0675559 -0.130056 -0.00505593 -1.00506 -0.255056 -0.255056 0.744944
496 0.354243 -0.0129449 -0.137945 0.112055 -0.887945 -0.387945 -0.387945 0.612055
497 0.374188 -0.035968 -0.160968 0.214032 -0.910968 -0.160968 -0.160968 0.839032
498 0.39136 -0.0422336 -0.104734 0.145266 -0.729734 -0.479734 -0.479734 0.520266
499 0.399869 -0.0610687 -0.0610687 0.188931 -0.686069 -0.311069 -0.311069 0.688931
500 0.393334 -0.0363534 -0.0988534 0.276147 -0.723853 -0.223853 -0.223853 0.776147
501 0.377927 -0.0556667 -0.0556667 0.194333 -0.805667 -0.555667 -0.555667 0.944333
502 0.364968 -0.0647194 -0.127219 0.122781 -0.877219 -0.502219 -0.502219 0.497781
503 0.360807 -0.0454426 -0.232943 0.142057 -0.857943 -0.607943 -0.107943 0.392057
504 0.361411 -0.0409327 -0.165933 0.0840673 -0.790933 -0.165933 -0.165933 0.834067
505 0.371834 -0.0266031 -0.214103 0.160897 -0.839103 -0.214103 -0.214103 0.785897
506 0.393385 -0.0675521 -0.0675521 0.182448 -0.817552 -0.567552 -0.0675521 0.932448
507 0.417393 0.00723687 0.00723687 0.257237 -0.742763 -0.492763 -0.492763 0.507237
508 0.422534 0.0280032 -0.0969968 0.153003 -0.721997 -0.471997 -0.471997 1.028
509 0.412581 -0.0444499 -0.16945 0.20555 -0.79445 -0.29445 -0.29445 0.70555
510 0.409548 -0.0513891 -0.176389 0.198611 -0.801389 -0.301389 -0.301389 0.698611
511 0.422661 -0.0499952 -0.174995 0.200005 -0.799995 -0.174995 -0.174995 0.825005
512 0.432113 0.041488 -0.083512 0.166488 -0.833512 -0.083512 -0.083512 0.916488
513 0.418461 -0.0151328 -0.0151328 0.234867 -0.765133 -0.140133 -0.140133 0.859867
514 0.392955 -0.0562639 -0.0562639 0.193736 -0.806264 -0.431264 -0.431264 0.568736
515 0.378242 -0.098321 -0.160821 0.089179 -0.785821 -0.160821 -0.160821 0.839179
516 0.382141 -0.0358274 -0.160827 0.0891726 -0.785827 -0.535827 -0.535827 0.464173
517 0.394545 -0.0624863 -0.187486 0.187514 -0.812486 -0.0624863 -0.0624863 0.937514
518 0.397292 -0.0245832 -0.0870832 0.162917 -0.837083 -0.337083 -0.337083 0.662917
519 0.38335 -0.0580563 -0.120556 0.129444 -0.745556 -0.245556 -0.245556 0.754444
520 0.360601 -0.0729927 -0.135493 0.114507 -0.760493 -0.510493 -0.510493 0.489507
521 0.346265 -0.0873291 -0.149829 0.100171 -0.899829 -0.399829 -0.399829 0.600171
522 0.347415 -0.125241 -0.187741 0.187259 -0.937741 -0.437741 -0.437741 0.562259
523 0.350342 -0.118408 -0.243408 0.256592 -0.868408 -0.118408 -0.118408 0.881592
524 0.348962 -0.143225 -0.205725 0.169275 -0.955725 -0.330725 -0.330725 0.669275
525 0.348063 -0.11678 -0.17928 0.19572 -0.92928 -0.42928 -0.42928 0.57072
526 0.354727 -0.0749606 -0.262461 0.112539 -0.887461 -0.512461 -0.512461 0.487539
527 0.362055 -0.0910697 -0.15357 0.22143 -0.77857 -0.40357 -0.40357 0.59643
528 0.368882 -0.162368 -0.162368 0.212632 -0.787368 -0.287368 -0.287368 0.712632
529 0.377115 -0.0681972 -0.193197 0.181803 -0.693197 -0.193197 -0.193197 0.806803
530 0.375909 -0.0811221 -0.143622 0.106378 -0.768622 -0.143622 -0.143622 0.856378
531 0.360948 -0.0492085 -0.111709 0.138291 -0.861709 -0.236709 -0.236709 0.763291
532 0.34516 -0.0923403 -0.15484 0.0951597 -0.90484 -0.15484 -0.15484 0.84516
533 0.335686 -0.117439 -0.179939 0.070061 -0.804939 -0.304939 -0.304939 0.695061
534 0.323777 -0.133254 -0.195754 0.179246 -0.820754 -0.195754 -0.695754 0.804246
535 0.312109 -0.129297 -0.254297 0.120703 -0.754297 -0.379297 -0.379297 0.620703
536 0.316276 -0.132942 -0.257942 0.117058 -0.757942 -0.632942 -0.132942 0.867058
537 0.336991 -0.104416 -0.166916 0.0830843 -0.791916 -0.541916 -0.541916 0.458084
538 0.35213 -0.143964 -0.268964 0.106036 -0.768964 -0.143964 -0.143964 0.856036
539 0.353041 -0.107896 -0.232896 0.142104 -0.857896 -0.232896 -0.232896 0.767104
540 0.346917 -0.0749577 -0.137458 0.112542 -0.762458 -0.387458 -0.387458 0.612542
541 0.341678 -0.111447 -0.173947 0.201053 -0.798947 -0.298947 -0.298947 0.701053
542 0.347031 -0.106094 -0.231094 0.143906 -0.731094 -0.356094 -0.356094 0.643906
543 0.364944 -0.0725557 -0.135056 0.114944 -0.885056 -0.385056 -0.385056 0.614944
544 0.388868 -0.0759753 -0.138475 0.111525 -0.763475 -0.263475 -0.263475 0.736525
545 0.408499 -0.0407197 -0.16572 0.0842803 -0.66572 -0.54072 -0.54072 0.95928
546 0.408956 -0.0324505 -0.219951 0.155049 -0.844951 -0.0949505 -0.0949505 0.905049
547 0.401898 -0.0199772 -0.207477 0.167523 -0.832477 -0.332477 -0.332477 0.667523
548 0.394241 -0.027634 -0.152634 0.222366 -0.777634 -0.152634 -0.152634 0.847366
549 0.401119 -0.0363812 -0.0988812 0.276119 -0.723881 -0.473881 -0.473881 1.02612
550 0.423181 -0.0651005 -0.127601 0.247399 -0.752601 -0.502601 -0.502601 0.997399
551 0.460164 -0.0163985 -0.141399 0.108601 -0.641399 -0.391399 -0.391399 0.608601
552 0.498948 0.0184796 -0.10652 0.26848 -0.73152 -0.10652 -0.10652 0.89348
553 0.528238 0.0673002 0.00480016 0.3798 -0.6202 -0.1202 -0.1202 0.8798
554 0.531264 0.136733 -0.113267 0.261733 -0.613267 -0.113267 -0.113267 0.886733
555 0.511204 0.0424536 -0.0200464 0.229954 -0.770046 -0.145046 -0.145046 0.854954
556 0.492646 0.00436487 0.0668649 0.316865 -0.683135 -0.183135 -0.183135 0.816865
557 0.503079 0.0851103 0.0226103 0.39761 -0.72739 -0.35239 -0.35239 0.64761
558 0.53023 0.09273 -0.03227 0.34273 -0.53227 -0.15727 -0.15727 0.84273
559 0.541203 0.0372971 -0.0252029 0.349797 -0.650203 -0.150203 -0.150203 0.849797
560 0.526077 0.0534205 -0.0715795 0.303421 -0.696579 -0.321579 -0.321579 0.678421
561 0.508609 0.024234 -0.163266 0.211734 -0.788266 -0.163266 -0.163266 0.836734
562 0.509879 0.0997224 0.0372224 0.287222 -0.712778 -0.337778 -0.337778 0.662222
563 0.53079 0.0776649 0.0151649 0.265165 -0.609835 -0.109835 -0.109835 0.890165
564 0.555356 0.102231 -0.0227692 0.477231 -0.647769 -0.397769 -0.397769 0.602231
565 0.572487 0.0568618 -0.00563818 0.369362 -0.630638 -0.255638 -0.255638 0.744362
566 0.582476 0.0941943 0.0316943 0.281694 -0.468306 0.0316943 0.0316943 1.03169
567 0.579064 0.118126 0.118126 0.368126 -0.506874 -0.131874 -0.131874 0.868126
568 0.561899 0.100961 0.100961 0.350961 -0.649039 -0.0240387 -0.0240387 0.975961
569 0.543407 0.0941883 0.0316883 0.406688 -0.718312 -0.343312 -0.343312 0.656688
570 0.545374 0.0649056 0.00240562 0.377406 -0.747594 0.00240562 0.00240562 1.00241
571 0.571089 0.102339 0.0398393 0.414839 -0.585161 -0.210161 -0.210161 0.789839
572 0.607902 0.186027 0.0610267 0.311027 -0.563973 -0.0639733 -0.0639733 0.936027
573 0.635878 0.194472 0.0069717 0.381972 -0.618028 0.131972 0.131972 1.13197
574 0.647335 0.174679 0.112179 0.487179 -0.512821 -0.0128212 -0.0128212 0.987179
575 0.646831 0.174174 0.111674 0.486674 -0.638326 -0.0133257 -0.0133257 0.986674
576 0.63816 0.16941 0.16941 0.41941 -0.58059 -0.20559 -0.20559 0.79441
577 0.628147 0.112522 0.112522 0.487522 -0.637478 -0.262478 -0.262478 0.737522
578 0.618248 0.141686 0.0791857 0.454186 -0.545814 -0.170814 -0.170814 0.829186
579 0.612846 0.14019 0.0151899 0.39019 -0.60981 0.14019 -0.35981 1.14019
580 0.603773 0.13893 0.0764297 0.45143 -0.67357 -0.17357 -0.17357 0.82643
581 0.595878 0.138846 0.138846 0.388846 -0.611154 -0.111154 -0.111154 0.888846
582 0.587171 0.149671 -0.0378291 0.462171 -0.662829 -0.0378291 -0.0378291 0.962171
583 0.575976 0.0720698 0.0095698 0.38457 -0.74043 -0.36543 -0.36543 1.13457
584 0.555641 0.0868907 -0.0381093 0.336891 -0.663109 -0.0381093 -0.0381093 0.961891
585 0.527346 0.0625018 -0.124998 0.250002 -0.749998 -0.374998 -0.374998 0.625002
586 0.500746 0.0476211 -0.0148789 0.235121 -0.764879 -0.264879 -0.264879 0.735121
587 0.49112 0.00674542 0.00674542 0.256745 -0.868255 -0.368255 -0.368255 0.631745
588 0.494733 0.00645203 0.00645203 0.256452 -0.618548 -0.368548 -0.368548 0.631452
589 0.510391 0.0494538 -0.0130462 0.236954 -0.638046 -0.388046 -0.388046 0.611954
590 0.532192 0.129848 0.0673483 0.442348 -0.807652 -0.182652 -0.182652 0.817348
591 0.546454 0.11286 0.0503601 0.30036 -0.82464 -0.32464 -0.32464 0.67536
592 0.539896 0.0555205 -0.00697948 0.368021 -0.756979 -0.00697948 -0.00697948 0.993021
593 0.517113 0.0171131 -0.0453869 0.329613 -0.795387 -0.420387 0.0796131 1.07961
594 0.503737 0.0349867 -0.0900133 0.284987 -0.840013 -0.465013 0.0349867 1.03499
595 0.510292 0.0845107 0.0220107 0.272011 -0.852989 -0.102989 -0.102989 0.897011
596 0.529563 0.0647189 0.0647189 0.314719 -0.810281 0.0647189 0.0647189 0.564719
597 0.542358 0.0540763 -0.00842372 0.366576 -0.758424 -0.00842372 -0.00842372 0.991576
598 0.534786 0.0269738 0.0269738 0.276974 -0.848026 -0.223026 -0.223026 0.776974
599 0.518857 0.0305757 -0.0319243 0.343076 -0.781924 -0.281924 -0.281924 0.718076
600 0.508765 0.0439209 -0.0810791 0.293921 -0.831079 -0.0810791 -0.0810791 0.918921
601 0.51366 0.0761601 0.0136601 0.26366 -0.73634 -0.36134 -0.36134 1.13866
602 0.511242 0.0190543 0.0815543 0.206554 -0.793446 -0.293446 -0.293446 0.706554
603 0.484226 0.0389135 -0.0860865 0.288914 -0.711086 -0.336086 -0.336086 0.663914
604 0.4399 0.0297436 -0.0952564 0.279744 -0.720256 -0.220256 -0.220256 0.779744
605 0.417739 0.00367609 -0.121324 0.253676 -0.746324 -0.496324 -0.496324 1.00368
606 0.431218 -0.0453441 -0.0453441 0.204656 -0.795344 -0.420344 -0.420344 0.579656
607 0.463592 0.0026544 -0.0598456 0.190154 -0.934846 -0.434846 -0.434846 1.06515
608 0.47771 -0.00666492 -0.131665 0.243335 -0.756665 -0.00666492 -0.00666492 0.993335
609 0.468311 0.0308107 -0.0316893 0.218311 -0.656689 -0.281689 -0.281689 0.718311
610 0.455655 0.053311 -0.071689 0.178311 -0.821689 -0.071689 -0.071689 0.928311
611 0.46701 0.00216577 0.00216577 0.252166 -0.997834 -0.122834 -0.122834 0.877166
612 0.494886 0.0378544 0.0378544 0.287854 -0.837146 -0.337146 -0.337146 0.662854
613 0.521629 0.0606916 -0.0643084 0.310692 -0.689308 -0.189308 -0.189308 0.810692
614 0.531539 0.11357 -0.0114298 0.23857 -0.76143 -0.13643 -0.13643 0.86357
615 0.519729 0.043167 -0.019333 0.230667 -0.769333 -0.269333 -0.269333 0.730667
616 0.489345 0.0166883 -0.0458117 0.204188 -0.795812 -0.420812 -0.420812 0.579188
617 0.455943 -0.012807 -0.075307 0.174693 -0.825307 -0.075307 -0.075307 0.924693
618 0.439432 -0.0254115 -0.0879115 0.162089 -0.837911 -0.462911 -0.462911 1.03709
619 0.441948 -0.0307083 -0.0307083 0.219292 -0.905708 -0.155708 -0.155708 0.844292
620 0.457131 0.023537 -0.038963 0.211037 -0.913963 -0.163963 -0.163963 0.836037
621 0.466324 0.00929268 0.00929268 0.259293 -0.865707 -0.365707 -0.365707 0.634293
622 0.463876 -0.0126868 -0.0751868 0.299813 -0.700187 -0.0751868 -0.0751868 0.924813
623 0.46076 0.0506033 -0.0118967 0.238103 -0.761897 -0.136897 -0.136897 0.863103
624 0.476182 0.0308696 -0.0316304 0.21837 -0.90663 -0.0316304 -0.0316304 0.96837
625 0.50831 0.0473728 0.0473728 0.172373 -0.702627 -0.0776272 -0.0776272 0.922373
626 0.522777 0.0462142 -0.0162858 0.358714 -0.766286 -0.141286 -0.141286 0.858714
627 0.50051 0.0591039 -0.0658961 0.309104 -0.690896 -0.0658961 -0.0658961 0.934104
628 0.466776 0.00974447 -0.0527555 0.197244 -0.802756 -0.302756 -0.302756 0.697244
629 0.453426 0.0159256 -0.0465744 0.203426 -0.921574 -0.296574 -0.296574 0.703426
630 0.466772 0.0527093 -0.0722907 0.177709 -0.697291 -0.322291 -0.322291 0.677709
631 0.482042 0.0445417 -0.142958 0.232042 -0.767958 -0.267958 -0.267958 0.732042
632 0.477214 -0.0188793 -0.0188793 0.231121 -0.768879 -0.393879 -0.393879 0.606121
633 0.46725 -0.021031 -0.146031 0.228969 -0.771031 -0.271031 -0.271031 0.728969
634 0.474376 0.0798452 -0.0451548 0.329845 -0.795155 -0.295155 -0.295155 0.704845
635 0.501324 0.110699 -0.0768012 0.298199 -0.701801 -0.451801 -0.451801 1.0482
636 0.51399 0.0686778 -0.0563222 0.318678 -0.681322 -0.306322 -0.306322 0.693678
637 0.497685 0.04456 -0.01794 0.23206 -0.76794 -0.39294 -0.39294 0.60706
638 0.472375 0.0231565 -0.101844 0.273156 -0.851844 -0.226844 -0.226844 0.773156
639 0.4712 0.0141692 -0.0483308 0.326669 -0.798331 -0.423331 -0.423331 0.576669
640 0.487509 0.0734462 -0.114054 0.260946 -0.739054 -0.489054 0.0109462 1.01095
641 0.509364 0.0874886 -0.100011 0.274989 -0.725011 -0.100011 -0.100011 0.899989
642 0.524908 0.130377 -0.0571229 0.317877 -0.807123 0.0678771 -0.432123 1.06788
643 0.535001 0.0935952 0.0310952 0.281095 -0.843905 0.0310952 0.0310952 1.0311
644 0.539984 0.0946718 0.0321718 0.407172 -0.717828 -0.217828 -0.217828 0.782172
645 0.544954 0.0957351 -0.0292649 0.345735 -0.654265 -0.404265 -0.404265 1.09574
646 0.54312 0.125151 -0.0623491 0.312651 -0.687349 0.0626509 0.0626509 1.06265
647 0.524803 0.110741 -0.076759 0.298241 -0.826759 -0.326759 -0.326759 0.673241
648 0.491833 0.0191766 0.0191766 0.269177 -0.855823 -0.355823 -0.355823 0.644177
649 0.469902 0.00896479 -0.0535352 0.196465 -0.678535 -0.428535 -0.428535 0.571465
650 0.474168 0.0913552 -0.0336448 0.216355 -0.908645 -0.0336448 -0.0336448 0.966355
651 0.498441 0.0726601 -0.11484 0.26016 -0.86484 0.0101601 0.0101601 1.01016
652 0.511483 0.0661704 -0.0588296 0.31617 -0.80883 -0.43383 0.0661704 1.06617
653 0.502861 0.0731733 -0.0518267 0.323173 -0.676827 -0.301827 -0.301827 0.698173
654 0.492174 0.0624861 -1.39009e-05 0.374986 -0.750014 -1.39009e-05 -1.39009e-05 0.999986
655 0.49053 0.0139673 -0.0485327 0.326467 -0.923533 -0.0485327 -0.0485327 0.951467
656 0.492849 0.00456797 -0.120432 0.129568 -0.870432 -0.495432 0.00456797 1.00457
657 0.48942 -0.0183929 -0.0808929 0.169107 -0.705893 -0.330893 -0.330893 0.669107
658 0.487217 0.030186 -0.094814 0.280186 -0.719814 -0.219814 -0.219814 0.780186
659 0.487886 0.0777293 -0.0472707 0.327729 -0.797271 -0.422271 -0.422271 0.577729
660 0.486493 0.0763371 -0.0486629 0.451337 -0.798663 -0.423663 -0.423663 1.07634
661 0.472305 0.0348047 -0.0901953 0.284805 -0.965195 -0.340195 -0.340195 0.659805
662 0.447391 0.00989051 -0.0526095 0.322391 -0.802609 -0.552609 -0.0526095 0.947391
663 0.42706 0.00127845 -0.123722 0.126278 -0.873722 -0.248722 -0.248722 0.751278
664 0.421567 -0.0198391 -0.144839 0.230161 -0.894839 -0.394839 -0.394839 0.605161
665 0.435362 -0.0372942 -0.0997942 0.275206 -0.974794 -0.474794 -0.474794 1.02521
666 0.461037 0.0586929 -0.0663071 0.183693 -0.941307 -0.191307 -0.191307 0.808693
667 0.481614 0.0441138 -0.0808862 0.294114 -0.830886 -0.455886 -0.455886 1.04411
668 0.491706 0.0581124 -0.0668876 0.308112 -0.816888 -0.0668876 -0.0668876 0.933112
669 0.49991 0.0936599 -0.0938401 0.40616 -0.84384 -0.0938401 -0.0938401 0.90616
670 0.50674 0.0379901 0.0379901 0.41299 -0.83701 -0.46201 0.0379901 1.03799
671 0.508517 0.0983611 -0.0891389 0.285861 -0.839139 -0.214139 -0.214139 0.785861
672 0.504416 0.0825413 -0.104959 0.270041 -0.854959 -0.354959 -0.354959 0.645041
673 0.506474 0.0299117 0.0299117 0.279912 -0.845088 -0.0950883 -0.0950883 0.904912
674 0.522851 0.0189448 0.0814448 0.331445 -0.668555 -0.293555 -0.293555 0.706445
675 0.541827 0.0691711 0.00667107 0.381671 -0.743329 -0.118329 -0.118329 0.881671
676 0.549995 0.182807 0.0578072 0.432807 -0.692193 -0.317193 -0.317193 0.682807
677 0.547774 0.141524 0.0165241 0.266524 -0.733476 0.0165241 0.0165241 1.01652
678 0.547384 0.14504 0.0200398 0.39504 -0.72996 -0.10496 -0.10496 0.89504
679 0.555374 0.0749052 0.0749052 0.449905 -0.550095 -0.175095 -0.175095 0.824905
680 0.560574 0.130887 0.00588695 0.380887 -0.744113 0.00588695 0.00588695 1.00589
681 0.554966 0.11356 0.0510601 0.30106 -0.69894 0.0510601 -0.44894 1.05106
682 0.547443 0.149005 0.0240051 0.149005 -0.725995 0.0240051 0.0240051 1.02401
683 0.544624 0.138374 -0.0491255 0.325874 -0.674126 -0.0491255 -0.0491255 0.950874
684 0.546636 0.0778864 0.0153864 0.390386 -0.734614 0.0153864 0.0153864 1.01539
685 0.543277 0.0784336 0.0784336 0.328434 -0.671566 -0.296566 -0.296566 0.703434
686 0.530291 0.127947 0.0654472 0.315447 -0.684553 -0.0595528 -0.0595528 0.940447
687 0.521192 0.12666 0.00166028 0.37666 -0.74834 0.00166028 0.00166028 1.00166
688 0.526962 0.116806 0.0543061 0.429306 -0.820694 -0.320694 -0.320694 0.679306
689 0.549409 0.0806588 0.0181588 0.393159 -0.731841 -0.106841 -0.106841 0.893159
690 0.560054 0.110835 0.0483355 0.298335 -0.701665 -0.326665 -0.326665 0.673335
691 0.54396 0.114272 -0.0107279 0.364272 -0.760728 -0.260728 -0.260728 0.739272
692 0.518166 0.119728 0.057228 0.307228 -0.692772 -0.192772 -0.192772 0.807228
693 0.505869 0.0800877 0.0800877 0.330088 -0.669912 -0.419912 -0.419912 1.08009
694 0.516733 0.102671 -0.0223294 0.352671 -0.772329 -0.272329 -0.272329 0.727671
695 0.524853 0.0873533 -0.0376467 0.337353 -0.912647 0.0873533 -0.412647 1.08735
696 0.506922 0.0381725 -0.0868275 0.288172 -0.836828 -0.461828 0.0381725 1.03817
697 0.471798 0.0616413 -0.0633587 0.311641 -0.688359 -0.0633587 -0.0633587 0.936641
698 0.455201 -0.00182998 -0.00182998 0.24817 -0.75183 -0.37683 -0.37683 0.62317
699 0.460701 0.0232012 0.0232012 0.273201 -0.726799 -0.351799 -0.351799 0.648201
700 0.461835 0.0790223 -0.0459777 0.204022 -0.795978 -0.0459777 -0.0459777 0.954022
701 0.438242 0.0398045 -0.147696 0.227304 -0.772696 -0.522696 -0.522696 0.977304
702 0.40722 -0.0224678 -0.147468 0.227532 -0.897468 -0.397468 -0.397468 0.602532
703 0.382647 -0.0939158 -0.156416 0.218584 -1.03142 -0.281416 -0.281416 0.718584
704 0.365643 -0.087482 -0.087482 0.162518 -0.837482 -0.087482 -0.587482 0.912518
705 0.357887 -0.060082 -0.185082 0.189918 -0.810082 -0.560082 -0.560082 0.939918
706 0.364361 -0.0145453 -0.202045 0.172955 -0.827045 -0.577045 -0.0770453 0.422955
707 0.375505 -0.0502761 -0.175276 0.199724 -0.800276 -0.175276 -0.175276 0.824724
708 0.378328 -0.0201099 -0.0826099 0.0423901 -0.83261 -0.58261 -0.0826099 0.91739
709 0.364489 -0.0417615 -0.0417615 0.0832385 -0.791761 -0.416761 -0.416761 0.583239
710 0.330416 -0.114897 -0.177397 0.0726032 -0.927397 -0.427397 -0.427397 0.572603
711 0.28956 -0.14794 -0.21044 0.16456 -0.96044 -0.58544 -0.58544 0.41456
712 0.269817 -0.148152 -0.210652 0.0393479 -1.08565 -0.585652 -0.585652 0.414348
713 0.275283 -0.154404 -0.216904 0.0330957 -1.0919 -0.466904 -0.466904 0.533096
714 0.282848 -0.142934 -0.205434 0.169566 -0.955434 -0.580434 -0.580434 0.419566
715 0.270687 -0.123845 -0.186345 0.0636553 -0.936345 -0.561345 -0.561345 0.438655
716 0.239498 -0.186283 -0.186283 0.0637172 -1.06128 -0.561283 -0.561283 0.438717
717 0.214085 -0.168728 -0.293728 0.0812722 -0.918728 -0.418728 -0.418728 0.581272
718 0.208986 -0.212889 -0.400389 -0.0253886 -1.02539 -0.275389 -0.275389 0.724611
719 0.215795 -0.20608 -0.33108 -0.0810799 -0.95608 -0.58108 -0.58108 0.41892
720 0.219646 -0.170979 -0.233479 0.0165213 -0.983479 -0.608479 -0.608479 0.391521
721 0.212273 -0.252571 -0.252571 -0.00257093 -1.00257 -0.252571 -0.252571 0.747429
722 0.197365 -0.25576 -0.31826 0.0567398 -1.06826 -0.44326 -0.44326 0.55674
723 0.181517 -0.244264 -0.369264 0.00573622 -0.994264 -0.494264 -0.494264 0.505736
724 0.168485 -0.272921 -0.272921 -0.0229214 -1.02292 -0.647921 -0.647921 0.352079
725 0.16447 -0.288655 -0.413655 -0.0386547 -1.03865 -0.288655 -0.288655 0.211345
726 0.164542 -0.241708 -0.304208 -0.0542083 -0.929208 -0.554208 -0.554208 0.445792
727 0.158281 -0.287031 -0.287031 -0.162031 -1.03703 -0.537031 -0.537031 0.462969
728 0.151221 -0.325342 -0.387842 -0.0128416 -1.13784 -0.512842 -0.512842 0.487158
729 0.159896 -0.297135 -0.422135 0.077865 -1.04714 -0.672135 -0.672135 0.327865
730 0.178691 -0.282246 -0.282246 -0.0322462 -1.03225 -0.532246 -0.532246 0.467754
731 0.186114 -0.231855 -0.419355 -0.044355 -1.04436 -0.419355 -0.419355 0.580645
732 0.184001 -0.261311 -0.386311 -0.136311 -1.01131 -0.636311 -0.636311 0.363689
733 0.193757 -0.24765 -0.31015 -0.0601497 -1.06015 -0.31015 -0.31015 0.68985
734 0.229389 -0.172955 -0.297955 -0.0479549 -1.04795 -0.297955 -0.297955 0.702045
735 0.279652 -0.138317 -0.200817 0.0491829 -0.825817 -0.325817 -0.325817 0.674183
736 0.31842 -0.130799 -0.193299 0.0567011 -0.943299 -0.193299 -0.193299 0.806701
737 0.333781 -0.127156 -0.252156 0.122844 -0.877156 -0.377156 -0.377156 0.622844
738 0.343494 -0.12135 -0.18385 0.19115 -0.93385 -0.55885 -0.55885 0.44115
739 0.365603 -0.067991 -0.130491 0.119509 -0.880491 -0.505491 -0.505491 0.494509
740 0.399556 -0.0574754 -0.119975 0.130025 -0.744975 -0.119975 -0.119975 0.880025
741 0.421006 0.0108497 -0.17665 0.19835 -0.80165 -0.42665 -0.42665 0.57335
742 0.414149 -0.0116318 -0.136632 0.238368 -0.886632 -0.136632 -0.136632 0.863368
743 0.389051 -0.0562615 -0.0562615 0.193738 -0.931262 -0.306262 -0.306262 0.693738
744 0.369874 -0.0910637 -0.0910637 0.158936 -0.841064 -0.341064 -0.341064 0.658936
745 0.373503 -0.146029 -0.146029 0.103971 -0.896029 -0.521029 -0.521029 0.978971
746 0.394365 -0.0861036 -0.211104 0.163896 -0.836104 -0.336104 -0.336104 0.663896
747 0.423743 -0.0411004 -0.2286 0.2714 -0.7286 -0.3536 -0.3536 0.6464
748 0.446444 0.0362874 -0.0887126 0.286287 -0.838713 -0.463713 -0.463713 0.536287
749 0.466591 0.032997 -0.029503 0.220497 -0.904503 -0.529503 -0.029503 0.970497
750 0.486944 0.049444 -0.013056 0.236944 -0.763056 -0.013056 -0.013056 0.986944
751 0.50878 0.0361238 -0.0263762 0.348624 -0.651376 -0.0263762 -0.0263762 0.973624
752 0.519015 0.0580778 -0.129422 0.245578 -0.754422 -0.129422 -0.129422 0.870578
753 0.509206 0.0678001 0.00530006 0.3803 -0.7447 -0.2447 -0.2447 0.7553
754 0.492926 0.0437074 -0.0187926 0.356207 -0.768793 -0.143793 -0.143793 0.856207
755 0.484865 0.0395524 -0.0854476 0.414552 -0.835448 -0.0854476 -0.0854476 0.914552
756 0.48583 0.0444235 -0.0805765 0.294423 -0.705577 -0.205577 -0.205577 0.794423
757 0.489129 0.03991 -0.08509 0.28991 -0.71009 -0.21009 -0.21009 0.78991
758 0.484025 0.0621496 -0.000350415 0.24965 -0.75035 -0.12535 -0.12535 0.87465
759 0.478647 0.0528661 -0.134634 0.240366 -0.759634 -0.509634 -0.00963391 0.990366
760 0.485166 0.0554787 -0.00702126 0.242979 -0.632021 -0.00702126 -0.507021 0.992979
761 0.499883 0.0116022 0.0116022 0.261602 -0.738398 -0.363398 -0.363398 0.636602
762 0.51337 0.0172762 0.0172762 0.267276 -0.732724 -0.232724 -0.232724 0.767276
763 0.524757 0.067726 -0.057274 0.317726 -0.807274 -0.307274 -0.307274 0.692726
764 0.536504 0.13416 -0.05334 0.44666 -0.67834 -0.30334 -0.30334 0.69666
765 0.539132 0.0860072 0.0235072 0.273507 -0.726493 -0.351493 -0.351493 1.14851
766 0.527485 0.0313912 -0.0311088 0.343891 -0.781109 -0.281109 -0.281109 0.718891
767 0.512062 0.0433118 0.0433118 0.293312 -0.706688 -0.331688 -0.331688 0.668312
768 0.513368 0.0758681 0.0133681 0.263368 -0.611632 -0.111632 -0.111632 0.888368
769 0.535422 0.121359 -0.0661409 0.183859 -0.816141 0.0588591 0.0588591 1.05886
770 0.566788 0.109757 -0.0152432 0.359757 -0.765243 -0.390243 0.109757 1.10976
771 0.591555 0.114992 0.114992 0.364992 -0.635008 -0.0100078 -0.0100078 0.989992
772 0.601364 0.163864 0.0388643 0.413864 -0.586136 0.0388643 0.0388643 1.03886
773 0.605125 0.144188 0.081688 0.331688 -0.668312 -0.293312 -0.293312 1.20669
774 0.610928 0.177334 0.0523343 0.302334 -0.697666 -0.197666 -0.197666 0.802334
775 0.609221 0.175628 -0.0118723 0.363128 -0.761872 -0.0118723 -0.0118723 0.988128
776 0.587948 0.162167 -0.0253332 0.349667 -0.650333 -0.0253332 -0.0253332 0.974667
777 0.559294 0.090544 -0.034456 0.340544 -0.659456 -0.284456 -0.284456 0.715544
778 0.553236 0.150892 0.0883924 0.338392 -0.661608 -0.161608 -0.161608 0.838392
779 0.583669 0.181325 0.0563253 0.431325 -0.693675 -0.193675 -0.193675 0.806325
780 0.630449 0.196855 0.134355 0.384355 -0.615645 0.00935498 0.00935498 1.00935
781 0.653595 0.153595 0.153595 0.403595 -0.596405 0.0285948 0.0285948 1.02859
782 0.637929 0.204335 0.141835 0.391835 -0.733165 -0.108165 -0.108165 0.891835
783 0.615173 0.220642 0.033142 0.408142 -0.716858 -0.091858 -0.091858 0.908142
784 0.622318 0.216068 0.153568 0.403568 -0.596432 -0.0964325 -0.0964325 0.903568
785 0.653943 0.251599 0.126599 0.501599 -0.748401 -0.248401 0.251599 1.2516
786 0.681396 0.255615 0.193115 0.443115 -0.681885 0.0681146 0.0681146 1.06811
787 0.690288 0.280132 0.155132 0.405132 -0.594868 -0.0948684 -0.0948684 0.905132
788 0.69556 0.293216 0.105716 0.355716 -0.644284 -0.269284 -0.269284 1.23072
789 0.702879 0.257567 0.132567 0.507567 -0.492433 -0.242433 0.257567 1.25757
790 0.712374 0.290499 0.165499 0.540499 -0.584501 0.0404995 0.0404995 1.0405
791 0.722128 0.308065 0.183065 0.433065 -0.566935 -0.0669348 -0.0669348 0.933065
792 0.729445 0.385695 0.198195 0.448195 -0.551805 -0.176805 -0.176805 1.32319
793 0.740255 0.326192 0.201192 0.451192 -0.673808 0.0761922 0.0761922 1.07619
794 0.764594 0.331001 0.268501 0.518501 -0.481499 -0.231499 0.268501 1.2685
795 0.798042 0.298042 0.298042 0.673042 -0.451958 -0.076958 -0.076958 0.923042
796 0.815443 0.381849 0.256849 0.631849 -0.493151 0.256849 0.256849 1.25685
797 0.807092 0.373498 0.248498 0.623498 -0.501502 -0.00150211 -0.00150211 0.998498
798 0.785675 0.344268 0.281768 0.531768 -0.468232 0.156768 0.156768 1.15677
799 0.767172 0.337485 0.212485 0.587485 -0.662515 0.212485 0.212485 1.21248
800 0.758566 0.313254 0.188254 0.563254 -0.561746 -0.186746 -0.186746 1.31325
801 0.759904 0.318498 0.255998 0.505998 -0.494002 -0.119002 -0.119002 1.381
802 0.759706 0.333925 0.271425 0.521425 -0.603575 -0.103575 -0.103575 0.896425
803 0.758639 0.30942 0.24692 0.49692 -0.50308 -0.12808 -0.12808 0.87192
804 0.753194 0.35085 0.22585 0.60085 -0.64915 -0.0241502 -0.0241502 0.97585
805 0.739379 0.282347 0.219847 0.469847 -0.530153 -0.155153 -0.155153 1.34485
806 0.72689 0.336265 0.148765 0.523765 -0.476235 0.148765 0.148765 1.14876
807 0.726445 0.269413 0.144413 0.394413 -0.605587 -0.105587 -0.105587 0.894413
808 0.736363 0.267613 0.267613 0.517613 -0.607387 0.0176133 0.0176133 1.01761
809 0.744433 0.279589 0.279589 0.529589 -0.595411 -0.095411 -0.095411 0.904589
810 0.744732 0.326763 0.264263 0.514263 -0.610737 0.0142635 0.0142635 1.01426
811 0.733456 0.335019 0.147519 0.522519 -0.602481 0.147519 0.147519 1.14752
812 0.709013 0.29495 0.16995 0.41995 -0.58005 0.16995 0.16995 1.16995
813 0.669317 0.243536 0.181036 0.306036 -0.568964 -0.193964 -0.193964 0.806036
814 0.620528 0.229903 0.167403 0.417403 -0.707597 -0.0825973 -0.0825973 0.917403
815 0.582825 0.176575 -0.010925 0.364075 -0.635925 -0.135925 -0.135925 0.864075
816 0.565889 0.171358 0.0463578 0.296358 -0.703642 0.0463578 0.0463578 1.04636
817 0.561004 0.139129 0.076629 0.326629 -0.673371 -0.298371 -0.298371 0.701629
818 0.55771 0.147554 0.022554 0.397554 -0.602446 -0.352446 -0.352446 0.647554
819 0.559389 0.0945456 -0.0304544 0.344546 -0.780454 -0.405454 -0.405454 0.594546
820 0.577361 0.124236 0.0617357 0.311736 -0.813264 -0.0632643 -0.0632643 0.936736
821 0.604812 0.163406 0.0384062 0.288406 -0.586594 -0.211594 -0.211594 0.788406
822 0.621389 0.20342 0.0784203 0.45342 -0.54658 -0.0465797 -0.0465797 0.95342
823 0.616792 0.167573 0.105073 0.355073 -0.519927 -0.144927 -0.144927 0.855073
824 0.608219 0.186344 0.123844 0.373844 -0.626156 -0.251156 -0.251156 1.24884
825 0.612397 0.163178 0.0381782 0.413178 -0.711822 -0.336822 -0.336822 1.16318
826 0.614404 0.180811 -0.00668928 0.368311 -0.631689 -0.131689 -0.131689 0.868311
827 0.590504 0.102223 0.102223 0.352223 -0.647777 -0.0227771 -0.0227771 0.977223
828 0.541727 0.0690703 0.00657029 0.25657 -0.74343 -0.24343 -0.24343 0.75657
829 0.495271 0.0655831 -0.0594169 0.315583 -0.684417 -0.184417 -0.184417 0.815583
830 0.475468 0.0340613 -0.0909387 0.284061 -0.715939 -0.340939 -0.340939 0.659061
831 0.475328 0.0729844 -0.0520156 0.322984 -0.802016 -0.177016 -0.177016 0.822984
832 0.476188 0.0543129 0.0543129 0.304313 -0.695687 -0.445687 -0.445687 1.05431
833 0.464155 -0.000688913 -0.0631889 0.186811 -0.688189 -0.313189 -0.313189 0.686811
834 0.442783 0.0130955 -0.174405 0.200595 -0.674405 -0.0494045 -0.549405 0.950595
835 0.430098 -0.0269332 -0.0894332 0.160567 -0.714433 -0.339433 -0.339433 0.660567
836 0.443818 -0.0405574 -0.0405574 0.209443 -0.790557 -0.415557 -0.415557 0.584443
837 0.479056 0.0689 0.00640003 0.2564 -0.7436 -0.3686 -0.3686 0.6314
838 0.497753 0.0954088 -0.0295912 0.220409 -0.654591 -0.154591 -0.154591 0.845409
839 0.473627 0.00878291 -0.116217 0.258783 -0.741217 -0.366217 -0.366217 0.633783
840 0.419139 -0.0535169 -0.116017 0.133983 -0.741017 -0.366017 -0.366017 0.633983
841 0.38115 -0.0524441 -0.177444 0.0725559 -0.802444 -0.427444 -0.427444 0.572556
842 0.383104 -0.0270525 -0.214552 0.0354475 -0.714552 -0.339552 -0.339552 0.660448
843 0.39761 -0.0516087 -0.239109 0.135891 -0.739109 -0.489109 -0.489109 0.510891
844 0.38599 -0.0593224 -0.121822 0.128178 -0.871822 -0.371822 -0.371822 0.628178
845 0.346646 -0.0830412 -0.208041 0.0419588 -0.958041 -0.583041 -0.583041 0.916959
846 0.313862 -0.14317 -0.14317 0.10683 -0.89317 -0.51817 -0.51817 0.48183
847 0.322154 -0.134877 -0.322377 0.177623 -0.947377 -0.572377 -0.572377 0.427623
848 0.36352 -0.0778867 -0.265387 0.109613 -0.765387 -0.140387 -0.140387 0.859613
849 0.402065 -0.0549665 -0.117466 0.132534 -0.742466 -0.492466 -0.492466 1.00753
850 0.404571 -0.0173038 -0.142304 0.107696 -0.767304 -0.392304 -0.392304 0.607696
851 0.377239 -0.0915114 -0.154011 0.0959886 -0.779011 -0.154011 -0.154011 0.845989
852 0.358378 -0.0752156 -0.137716 0.237284 -0.762716 -0.512716 -0.512716 0.987284
853 0.367573 -0.0894578 -0.151958 0.0980422 -0.776958 -0.401958 -0.401958 0.598042
854 0.392097 -0.0727471 -0.0727471 0.0522529 -0.822747 -0.447747 -0.447747 0.552253
855 0.398459 -0.0546663 -0.0546663 0.195334 -0.804666 -0.554666 -0.0546663 0.945334
856 0.377497 -0.0365659 -0.161566 0.213434 -0.911566 -0.161566 -0.161566 0.838434
857 0.357685 -0.0876276 -0.212628 0.0373724 -0.837628 -0.337628 -0.337628 0.662372
858 0.369933 -0.0636612 -0.188661 0.0613388 -0.813661 -0.188661 -0.188661 0.811339
859 0.407961 -0.0568829 -0.181883 0.193117 -0.931883 -0.556883 -0.556883 0.443117
860 0.439457 -0.0527303 -0.17773 0.19727 -0.80273 -0.17773 -0.17773 0.82227
861 0.434364 -0.0304793 -0.0929793 0.282021 -0.717979 -0.467979 -0.467979 1.03202
862 0.40215 -0.0314433 -0.0314433 0.218557 -0.781443 -0.406443 -0.406443 0.593557
863 0.381074 -0.0642383 -0.126738 0.123262 -0.751738 -0.501738 -0.501738 0.498262
864 0.389265 -0.0677658 -0.130266 0.119734 -0.755266 -0.380266 -0.380266 0.619734
865 0.408421 0.00607714 -0.181423 0.193577 -0.806423 -0.0564229 -0.0564229 0.943577
866 0.41366 0.0191291 -0.105871 0.144129 -0.855871 -0.355871 -0.355871 0.644129
867 0.399563 -0.0457492 -0.108249 0.141751 -0.858249 -0.358249 -0.358249 0.641751
868 0.375166 -0.0896776 -0.152178 0.0978224 -0.902178 -0.527178 -0.527178 0.472822
869 0.357962 -0.0990692 -0.161569 0.0884308 -0.911569 -0.286569 -0.286569 0.713431
870 0.362857 -0.086362 -0.211362 0.038638 -0.961362 -0.586362 -0.586362 0.413638
871 0.387433 -0.0813167 -0.206317 0.168683 -0.831317 -0.456317 -0.456317 0.543683
872 0.404094 -0.0880932 -0.213093 0.161907 -0.838093 -0.213093 -0.213093 0.786907
873 0.401257 -0.0323368 -0.0948368 0.155163 -0.719837 -0.219837 -0.219837 0.780163
874 0.383133 -0.066086 -0.128586 0.121414 -0.753586 -0.503586 -0.503586 0.496414
875 0.377523 -0.0795084 -0.204508 0.170492 -0.829508 -0.329508 -0.329508 0.670492
876 0.385092 -0.0602201 -0.18522 0.18978 -0.81022 -0.18522 -0.18522 0.81478
877 0.400227 -0.0099296 -0.0724296 0.17757 -0.69743 -0.32243 -0.32243 0.67757
878 0.415625 -0.0296877 -0.154688 0.220312 -0.779688 -0.279688 -0.279688 0.720312
879 0.423556 -0.0451943 -0.107694 0.142306 -0.732694 -0.357694 -0.357694 0.642306
880 0.419709 -0.0256031 -0.0881031 0.286897 -0.838103 -0.0881031 -0.0881031 0.911897
881 0.413334 0.0148966 -0.172603 0.202397 -0.797603 -0.297603 -0.297603 0.702397
882 0.417473 0.0346607 -0.152839 0.0971607 -0.652839 -0.152839 -0.152839 0.847161
883 0.436273 0.0417418 -0.0207582 0.229242 -0.645758 -0.145758 -0.145758 0.854242
884 0.462571 0.040696 -0.084304 0.290696 -0.709304 -0.334304 -0.334304 0.665696
885 0.481934 0.0483406 0.0483406 0.298341 -0.701659 -0.201659 -0.201659 0.798341
886 0.484962 0.00839933 -0.0541007 0.320899 -0.679101 -0.0541007 -0.0541007 0.945899
887 0.478949 0.088324 -0.099176 0.275824 -0.599176 -0.349176 -0.349176 0.650824
888 0.464868 0.0273685 -0.0976315 0.277368 -0.722632 -0.222632 -0.222632 0.777368
889 0.44314 0.0134525 -0.0490475 0.200953 -0.674047 -0.299047 -0.299047 0.700953
890 0.417171 -0.00860986 -0.00860986 0.24139 -0.63361 -0.38361 -0.38361 0.61639
891 0.401755 -0.0279323 -0.0904323 0.159568 -0.840432 -0.340432 -0.340432 0.659568
892 0.404487 0.00604917 -0.118951 0.131049 -0.743951 -0.243951 -0.243951 0.756049
893 0.418512 -0.00336274 -0.0658627 0.184137 -0.690863 -0.0658627 -0.565863 0.934137
894 0.436688 -0.0164366 -0.141437 0.233563 -0.641437 -0.141437 -0.141437 0.858563
895 0.452967 0.0467173 -0.0157827 0.109217 -0.765783 -0.140783 -0.140783 0.859217
896 0.459426 0.0102071 -0.0522929 0.197707 -0.677293 -0.302293 -0.302293 0.697707
897 0.446287 0.0205053 0.0205053 0.145505 -0.729495 -0.229495 -0.229495 0.770505
898 0.412208 -0.00576109 -0.130761 0.119239 -0.755761 -0.255761 -0.255761 0.744239
899 0.383285 -0.0542152 -0.116715 0.133285 -0.741715 -0.241715 -0.241715 0.758285
900 0.389286 -0.0560269 -0.181027 0.193973 -0.806027 -0.431027 -0.431027 0.568973
901 0.43107 -0.0220554 -0.0845554 0.290445 -0.834555 -0.459555 -0.459555 0.540445
902 0.468692 0.0585355 -0.128965 0.246035 -0.878965 -0.378965 -0.378965 0.621035
903 0.472388 0.0387945 -0.0237055 0.226295 -0.648705 -0.273705 -0.273705 0.726295
904 0.441794 0.043356 -0.081644 0.168356 -0.581644 -0.081644 -0.081644 0.918356
905 0.402783 -0.0815921 -0.144092 0.105908 -0.769092 -0.269092 -0.269092 0.730908
906 0.388609 -0.0762349 -0.0762349 0.173765 -0.951235 -0.326235 -0.326235 0.673765
907 0.409576 -0.0318302 -0.15683 0.21817 -0.78183 -0.15683 -0.15683 0.84317
908 0.447882 0.0416317 -0.0833683 0.291632 -0.708368 -0.458368 -0.458368 0.541632
909 0.472762 0.00401237 -0.0584876 0.316512 -0.683488 -0.433488 -0.433488 0.566512
910 0.472806 -0.011569 -0.074069 0.300931 -0.699069 -0.449069 -0.449069 0.550931
911 0.459736 0.00270501 0.065205 0.190205 -0.809795 -0.059795 -0.059795 0.940205
912 0.442988 0.0328315 -0.0921685 0.282831 -0.717169 -0.0921685 -0.0921685 0.907831
913 0.419184 -0.018316 -0.143316 0.231684 -0.768316 -0.143316 -0.143316 0.856684
914 0.390048 -0.0904211 -0.0904211 0.159579 -0.840421 -0.215421 -0.215421 0.784579
915 0.367703 -0.0776096 -0.14011 0.10989 -1.01511 -0.14011 -0.14011 0.85989
916 0.358117 -0.0598519 -0.184852 0.0651481 -0.934852 -0.309852 -0.309852 0.690148
917 0.353005 -0.0532448 -0.178245 0.0717552 -0.803245 -0.178245 -0.178245 0.821755
918 0.351428 -0.0665405 -0.12904 0.12096 -0.75404 -0.25404 -0.25404 0.74596
919 0.360843 -0.0922821 -0.217282 0.157718 -0.842282 -0.592282 -0.592282 0.907718
920 0.376112 -0.100451 -0.100451 0.149549 -0.850451 -0.600451 -0.600451 0.899549
921 0.386105 -0.0513947 -0.176395 0.198605 -0.926395 -0.426395 -0.426395 0.573605
922 0.373793 -0.0558941 -0.180894 0.0691059 -0.805894 -0.180894 -0.180894 0.819106
923 0.342048 -0.0837328 -0.208733 0.166267 -0.833733 -0.583733 -0.583733 0.416267
924 0.32111 -0.096859 -0.221859 0.028141 -0.971859 -0.221859 -0.221859 0.778141
925 0.327882 -0.0939935 -0.156493 0.0935065 -1.03149 -0.406493 -0.406493 0.593507
926 0.337628 -0.080341 -0.142841 0.107159 -0.767841 -0.517841 -0.517841 0.482159
927 0.324309 -0.163973 -0.226473 0.0235273 -0.726473 -0.476473 -0.476473 0.523527
928 0.299331 -0.185044 -0.247544 0.0024556 -0.872544 -0.247544 -0.247544 0.752456
929 0.284466 -0.184284 -0.309284 0.0657159 -0.934284 -0.434284 -0.434284 0.565716
930 0.277999 -0.151689 -0.276689 0.0983113 -0.901689 -0.651689 -0.651689 0.848311
931 0.268618 -0.16107 -0.22357 0.0264301 -0.97357 -0.59857 -0.59857 0.40143
932 0.252691 -0.165277 -0.165277 0.0847227 -1.04028 -0.415277 -0.415277 0.584723
933 0.253225 -0.1374 -0.1999 0.0501003 -0.9499 -0.4499 -0.4499 0.5501
934 0.281147 -0.175884 -0.238384 0.0116162 -0.988384 -0.363384 -0.363384 0.636616
935 0.31222 -0.133093 -0.195593 0.0544072 -0.820593 -0.195593 -0.195593 0.804407
936 0.317754 -0.182246 -0.244746 0.00525441 -0.869746 -0.619746 -0.619746 0.380254
937 0.296477 -0.172273 -0.297273 -0.0472732 -0.922273 -0.547273 -0.547273 0.452727
938 0.269562 -0.11325 -0.23825 0.0117498 -0.98825 -0.61325 -0.61325 0.38675
939 0.253502 -0.180092 -0.242592 0.132408 -0.867592 -0.242592 -0.242592 0.757408
940 0.257302 -0.199729 -0.262229 -0.012229 -0.887229 -0.512229 -0.512229 0.487771
941 0.278921 -0.146861 -0.334361 0.0406393 -1.08436 -0.334361 -0.334361 0.665639
942 0.298568 -0.0920567 -0.154557 0.0954433 -0.904557 -0.654557 -0.154557 0.845443
943 0.297574 -0.100864 -0.288364 0.0866361 -0.913364 -0.413364 -0.413364 0.586636
944 0.285807 -0.151693 -0.276693 0.0983074 -1.02669 -0.401693 -0.401693 0.598307
945 0.281496 -0.187254 -0.249754 0.125246 -0.874754 -0.624754 -0.624754 0.375246
946 0.298803 -0.119165 -0.244165 0.00583472 -0.869165 -0.244165 -0.244165 0.755835
947 0.330671 -0.0951101 -0.22011 0.0298899 -0.97011 -0.47011 -0.47011 0.52989
948 0.358131 -0.0988998 -0.0988998 0.2761 -0.8489 -0.3489 -0.3489 0.6511
949 0.36027 -0.0459803 -0.0459803 0.20402 -0.67098 -0.42098 -0.42098 0.57902
950 0.33791 -0.0683396 -0.13084 0.11916 -0.88084 -0.38084 -0.38084 0.61916
951 0.303414 -0.141899 -0.329399 0.0456011 -0.829399 -0.329399 -0.329399 0.670601
952 0.274033 -0.167373 -0.229873 0.0201271 -0.854873 -0.479873 -0.479873 0.520127
953 0.256976 -0.157086 -0.282086 -0.0320863 -0.782086 -0.407086 -0.407086 0.592914
954 0.255932 -0.165943 -0.228443 0.0215571 -0.853443 -0.478443 -0.478443 0.521557
955 0.260641 -0.169047 -0.356547 0.0184532 -0.856547 -0.231547 -0.231547 0.768453
956 0.261282 -0.191843 -0.254343 0.120657 -1.00434 -0.254343 -0.254343 0.745657
957 0.266716 -0.178596 -0.303596 0.0714035 -0.928596 -0.678596 -0.178596 0.321404
958 0.287553 -0.126509 -0.314009 0.0609908 -0.939009 -0.439009 -0.439009 0.560991
959 0.309135 -0.104928 -0.229928 0.145072 -0.854928 -0.479928 -0.479928 0.520072
960 0.312132 -0.10193 -0.16443 -0.03943 -0.78943 -0.66443 -0.16443 0.83557
961 0.292979 -0.167959 -0.230459 0.0195411 -0.855459 -0.605459 -0.605459 0.394541
962 0.267711 -0.185414 -0.372914 0.00208624 -0.872914 -0.497914 -0.497914 0.502086
963 0.245726 -0.191774 -0.316774 0.0582262 -0.941774 -0.566774 -0.566774 0.433226
964 0.231334 -0.210072 -0.210072 0.0399277 -0.835072 -0.210072 -0.710072 0.289928
965 0.224159 -0.221153 -0.283653 -0.0336534 -0.908653 -0.283653 -0.283653 0.716347
966 0.236775 -0.165569 -0.290569 -0.0405691 -0.915569 -0.415569 -0.415569 0.584431
967 0.259961 -0.146289 -0.271289 0.103711 -0.896289 -0.396289 -0.396289 0.603711
968 0.268684 -0.157097 -0.344597 0.030403 -0.844597 -0.594597 -0.594597 0.405403
969 0.25025 -0.202875 -0.390375 -0.0153749 -0.890375 -0.265375 -0.765375 0.734625
970 0.221618 -0.192445 -0.379945 -0.129945 -0.879945 -0.504945 -0.504945 0.495055
971 0.20716 -0.222528 -0.347528 0.0274724 -0.847528 -0.347528 -0.347528 0.652472
972 0.208943 -0.232464 -0.294964 -0.0449637 -0.794964 -0.669964 -0.669964 0.330036
973 0.222497 -0.261878 -0.324378 -0.0743779 -0.949378 -0.449378 -0.449378 0.550622
974 0.226679 -0.179571 -0.367071 0.00792905 -0.992071 -0.617071 -0.617071 0.382929
975 0.212035 -0.194215 -0.319215 0.0557851 -0.944215 -0.694215 -0.694215 0.305785
976 0.198191 -0.208059 -0.333059 0.0419412 -0.958059 -0.583059 -0.583059 0.416941
977 0.209881 -0.161213 -0.348713 0.0262868 -0.973713 -0.348713 -0.348713 0.651287
978 0.232116 -0.197571 -0.322571 0.0524285 -0.822571 -0.572571 -0.572571 0.427429
979 0.230474 -0.20312 -0.26562 -0.0156195 -0.89062 -0.64062 -0.64062 0.35938
980 0.197455 -0.290826 -0.290826 -0.0408261 -0.915826 -0.665826 -0.665826 0.334174
981 0.166334 -0.263354 -0.388354 -0.0133536 -0.888354 -0.638354 -0.638354 0.361646
982 0.173293 -0.283738 -0.283738 -0.0337384 -1.03374 -0.283738 -0.783738 0.716262
983 0.210246 -0.207723 -0.332723 0.0422771 -1.08272 -0.332723 -0.332723 0.667277
984 0.230396 -0.218823 -0.218823 0.031177 -0.843823 -0.468823 -0.468823 0.531177
985 0.209806 -0.231601 -0.356601 -0.106601 -0.981601 -0.481601 -0.481601 0.518399
986 0.174779 -0.301783 -0.364283 0.0107167 -1.11428 -0.489283 -0.489283 0.510717
987 0.164692 -0.237652 -0.362652 0.012348 -0.987652 -0.487652 -0.487652 0.512348
988 0.180938 -0.256562 -0.319062 -0.0690621 -0.944062 -0.694062 -0.694062 0.305938
989 0.207549 -0.296357 -0.233857 0.0161425 -1.10886 -0.358857 -0.358857 0.641143
990 0.227039 -0.261242 -0.323742 0.0512575 -0.948742 -0.323742 -0.323742 0.676258
991 0.237505 -0.250776 -0.250776 -0.000775998 -0.875776 -0.375776 -0.375776 0.624224
992 0.241751 -0.18403 -0.30903 -0.05903 -0.80903 -0.55903 -0.55903 0.44097
993 0.252823 -0.212021 -0.212021 -0.0870209 -0.837021 -0.337021 -0.337021 0.662979
994 0.270616 -0.186415 -0.248915 0.00108492 -0.873915 -0.623915 -0.623915 0.376085
995 0.28331 -0.189346 -0.314346 0.0606538 -0.939346 -0.439346 -0.439346 0.560654
996 0.281537 -0.171588 -0.296588 -0.0465884 -0.796588 -0.671588 -0.671588 0.828412
997 0.261727 -0.175773 -0.300773 0.0742272 -0.675773 -0.550773 -0.550773 0.449227
998 0.23602 -0.209292 -0.209292 0.0407079 -0.834292 -0.709292 -0.709292 0.290708
999 0.216221 -0.217373 -0.279873 -0.0298731 -0.904873 -0.654873 -0.654873 0.345127
1000 0.21375 -0.215938 -0.278438 -0.0284379 -0.903438 -0.778438 -0.778438 0.721562
