0 -6.3984375000000000000e+00 -1.3671638294227367538e+01 -6.3968439545566626592e+00  6.0000000000000000000e+00
0 -1.5935454433373408278e-03 
1  2.5832031250000000000e+01  1.5603912444897517275e+01  2.5834466599129783049e+01  2.5000000000000000000e+01
1 -2.4353491297830487383e-03 
2 -3.5808593750000000000e+01 -9.9575624838767193836e+00 -3.5807042340648713719e+01  3.5000000000000000000e+01
2 -1.5514093512862814350e-03 
3  3.2402343750000000000e+01  1.0460666173534365342e+01  3.2406003946653498815e+01  3.5000000000000000000e+01
3 -3.6601966534988150670e-03 
4 -3.1373046875000000000e+01 -1.2529098558976919264e+01 -3.1371891375190926965e+01  3.5000000000000000000e+01
4 -1.1554998090730350668e-03 
5  2.5558593750000000000e+01 -9.7130542732796438798e+00  2.5562307381159275366e+01  3.5000000000000000000e+01
5 -3.7136311592753656896e-03 
6 -7.1855468750000000000e+00 -1.2666665776119391040e+01 -7.1818697145861296605e+00  3.5000000000000000000e+01
6 -3.6771604138703395392e-03 
7  2.4003906250000000000e+01  1.5779025330217438139e+01  2.4007164560481445648e+01  3.5000000000000000000e+01
7 -3.2583104814456476106e-03 
8 -2.8982421875000000000e+01  8.7935639076841241035e+00 -2.8980546716351263115e+01  3.5000000000000000000e+01
8 -1.8751586487368854250e-03 
9  9.7089843750000000000e+00  9.1001734780284451176e+00  9.7121401168756307243e+00  3.5000000000000000000e+01
9 -3.1557418756307242802e-03 
10 -3.8574218750000000000e+00  1.3581898189073564609e+01 -3.8541837495136723746e+00  3.5000000000000000000e+01
10 -3.2381254863276254241e-03 
11 -1.1919921875000000000e+01 -1.0274055864387324988e+01 -1.1915866618561256729e+01  3.5000000000000000000e+01
11 -4.0552564387432710191e-03 
12  1.3388671875000000000e+01 -1.5533696471301031039e+01  1.3393680378401182196e+01  3.5000000000000000000e+01
12 -5.0085034011821960576e-03 
13  9.1738281250000000000e+00 -9.8604375719035441961e+00  9.1789560891784915952e+00  3.5000000000000000000e+01
13 -5.1279641784915952485e-03 
14 -4.0468750000000000000e+00 -1.3311861948384304810e+01 -4.0427952851012527447e+00  3.5000000000000000000e+01
14 -4.0797148987472553472e-03 
15  1.8826171875000000000e+01  1.5461958582045348010e+01  1.8829097179608584867e+01  3.5000000000000000000e+01
15 -2.9253046085848666280e-03 
16 -3.7007812500000000000e+01 -1.3773173005488038356e+01 -3.7003672513222973350e+01  3.7000000000000000000e+01
16 -4.1399867770266496336e-03 
17  4.0453125000000000000e+01  1.5980663395281544226e+01  4.0458157842127782544e+01  4.0000000000000000000e+01
17 -5.0328421277825441393e-03 
18 -2.8185546875000000000e+01  1.3130620892840969560e+01 -2.8180389507601230292e+01  4.0000000000000000000e+01
18 -5.1573673987697077337e-03 
19  7.2714843750000000000e+00  1.2880245559670527200e+01  7.2760231539790103383e+00  4.0000000000000000000e+01
19 -4.5387789790103383325e-03 
20 -2.0466796875000000000e+01 -1.5842435448184531310e+01 -2.0462843899203914333e+01  4.0000000000000000000e+01
20 -3.9529757960856670707e-03 
21  3.8685546875000000000e+01  8.4200861528173245318e+00  3.8689210937005704238e+01  4.0000000000000000000e+01
21 -3.6640620057042383451e-03 
22 -3.2859375000000000000e+01 -1.1524775830981466740e+01 -3.2855181580025394794e+01  4.0000000000000000000e+01
22 -4.1934199746052058799e-03 
23  2.0421875000000000000e+01 -1.3920202899164355159e+01  2.0426118919691731435e+01  4.0000000000000000000e+01
23 -4.2439196917314347957e-03 
24  7.2011718750000000000e+00  8.2887698243303926660e+00  7.2059818898759449013e+00  4.0000000000000000000e+01
24 -4.8100148759449012914e-03 
25 -2.2535156250000000000e+01 -1.4355632815490329435e+01 -2.2530277558745776645e+01  4.0000000000000000000e+01
25 -4.8786912542233551449e-03 
26  1.5939453125000000000e+01 -1.4582811243577133098e+01  1.5944892991893356182e+01  4.0000000000000000000e+01
26 -5.4398668933561822314e-03 
27  4.3925781250000000000e+00 -1.2111364621194088187e+01  4.3989389813485999525e+00  4.0000000000000000000e+01
27 -6.3608563485999525255e-03 
28  1.3228515625000000000e+01  9.6279577082939464816e+00  1.3233646799289399354e+01  4.0000000000000000000e+01
28 -5.1311742893993539383e-03 
29 -1.3386718750000000000e+01  1.2638755195939022968e+01 -1.3382223945698010326e+01  4.0000000000000000000e+01
29 -4.4948043019896743999e-03 
30 -1.2439453125000000000e+01 -1.3167450472557888475e+01 -1.2434141870124861384e+01  4.0000000000000000000e+01
30 -5.3112548751386157164e-03 
31  3.5037109375000000000e+01  1.5687793219833929825e+01  3.5041596417312561584e+01  4.0000000000000000000e+01
31 -4.4870423125615843674e-03 
32 -2.3675781250000000000e+01  9.4608353737255104221e+00 -2.3672731767930404345e+01  4.0000000000000000000e+01
32 -3.0494820695956548207e-03 
33 -3.0156250000000000000e+00 -1.4178426416146617584e+01 -3.0118270119588741451e+00  4.0000000000000000000e+01
33 -3.7979880411258548634e-03 
34  2.8080078125000000000e+01  9.6553650035937579332e+00  2.8084943643412199066e+01  4.0000000000000000000e+01
34 -4.8655184121990657786e-03 
35 -2.4431640625000000000e+01 -8.3729076687924859357e+00 -2.4428457578155999386e+01  4.0000000000000000000e+01
35 -3.1830468440006143283e-03 
36  2.7033203125000000000e+01  1.4502416747100586036e+01  2.7038173959102962840e+01  4.0000000000000000000e+01
36 -4.9708341029628400065e-03 
37 -3.1808593750000000000e+01 -8.2126406482199136860e+00 -3.1805702828401880566e+01  4.0000000000000000000e+01
37 -2.8909215981194336109e-03 
38  1.9285156250000000000e+01 -1.2983129261099850993e+01  1.9291734721922569662e+01  4.0000000000000000000e+01
38 -6.5784719225696619560e-03 
39 -2.2656250000000000000e-01 -1.5074459890586579647e+01 -2.2071233005161516871e-01  4.0000000000000000000e+01
39 -5.8501699483848312866e-03 
40  9.8242187500000000000e+00 -1.3116378823936734932e+01  9.8299152850171651608e+00  4.0000000000000000000e+01
40 -5.6965350171651607525e-03 
41  7.2656250000000000000e-01 -9.7679032403865821976e+00  7.3131067875784694365e-01  4.0000000000000000000e+01
41 -4.7481787578469436539e-03 
42  2.7363281250000000000e+00 -1.1832005213961780399e+01  2.7418741541206497203e+00  4.0000000000000000000e+01
42 -5.5460291206497203120e-03 
43  5.8261718750000000000e+00 -9.5065897823466212202e+00  5.8322225021565845537e+00  4.0000000000000000000e+01
43 -6.0506271565845537452e-03 
44  5.7519531250000000000e+00 -8.0361709952747055752e+00  5.7567344004124665346e+00  4.0000000000000000000e+01
44 -4.7812754124665346467e-03 
45  1.3123046875000000000e+01  1.0085276847961187840e+01  1.3128874971205101829e+01  4.0000000000000000000e+01
45 -5.8280962051018292414e-03 
46 -8.8125000000000000000e+00  9.6205606467656039626e+00 -8.8075836462942760363e+00  4.0000000000000000000e+01
46 -4.9163537057239636852e-03 
47  7.0390625000000000000e+00  1.4745965149522074711e+01  7.0433995143483354440e+00  4.0000000000000000000e+01
47 -4.3370143483354439695e-03 
48 -1.4445312500000000000e+01 -1.0852664179528632715e+01 -1.4441524219447702038e+01  4.0000000000000000000e+01
48 -3.7882805522979623447e-03 
49  2.5896484375000000000e+01 -9.3436998778463244975e+00  2.5901925442163815205e+01  4.0000000000000000000e+01
49 -5.4410671638152052765e-03 
50  2.2070312500000000000e+00 -8.2731756512949825577e+00  2.2105050727338779737e+00  4.0000000000000000000e+01
50 -3.4738227338779736897e-03 
51  1.6568359375000000000e+01  1.2663256300043792990e+01  1.6573406311126579027e+01  4.0000000000000000000e+01
51 -5.0469361265790269044e-03 
52 -2.8523437500000000000e+01 -1.3596509277436020113e+01 -2.8518750988279421676e+01  4.0000000000000000000e+01
52 -4.6865117205783235477e-03 
53  2.8142578125000000000e+01 -8.9763073383993461363e+00  2.8148223682526420930e+01  4.0000000000000000000e+01
53 -5.6455575264209301167e-03 
54  8.0273437500000000000e+00  1.5293202929436002790e+01  8.0328779501119473849e+00  4.0000000000000000000e+01
54 -5.5342001119473849258e-03 
55 -2.4716796875000000000e+01 -1.1066370261078857240e+01 -2.4713882539317392428e+01  4.0000000000000000000e+01
55 -2.9143356826075716981e-03 
56  2.1818359375000000000e+01 -9.8213199895992744359e+00  2.1822907760381237807e+01  4.0000000000000000000e+01
56 -4.5483853812378072234e-03 
57  1.2396484375000000000e+01  1.1499443447876696922e+01  1.2400960945103889799e+01  4.0000000000000000000e+01
57 -4.4765701038897987019e-03 
58 -1.3511718750000000000e+01  9.0816385361495566286e+00 -1.3507931790258805194e+01  4.0000000000000000000e+01
58 -3.7869597411948063836e-03 
59  2.2324218750000000000e+00  8.0631696612150278725e+00  2.2368207431787650030e+00  4.0000000000000000000e+01
59 -4.3988681787650030230e-03 
60  1.9140625000000000000e+00  1.2046585413845697587e+01  1.9183443705698506321e+00  4.0000000000000000000e+01
60 -4.2818705698506320800e-03 
61 -1.4501953125000000000e+01 -1.2922706517118673020e+01 -1.4499014881177558323e+01  4.0000000000000000000e+01
61 -2.9382438224416773664e-03 
62  3.0828125000000000000e+01  9.6819027248592508528e+00  3.0833891472477937157e+01  4.0000000000000000000e+01
62 -5.7664724779371567820e-03 
63 -2.9580078125000000000e+01 -1.2975934290524428150e+01 -2.9577377187618900223e+01  4.0000000000000000000e+01
63 -2.7009373810997772125e-03 
64  2.0792968750000000000e+01 -1.3843643027768571585e+01  2.0797897856462796540e+01  4.0000000000000000000e+01
64 -4.9291064627965397449e-03 
65  9.8652343750000000000e+00  1.1304791151724023379e+01  9.8689032926990662986e+00  4.0000000000000000000e+01
65 -3.6689176990662986100e-03 
66 -2.4894531250000000000e+01 -8.4684278694617987071e+00 -2.4889921656370184166e+01  4.0000000000000000000e+01
66 -4.6095936298158335376e-03 
67  1.3943359375000000000e+01 -9.0862452376940456844e+00  1.3948083092711121012e+01  4.0000000000000000000e+01
67 -4.7237177111210115754e-03 
68  1.2332031250000000000e+01  1.4095228638231681373e+01  1.2337156290245275159e+01  4.0000000000000000000e+01
68 -5.1250402452751586679e-03 
69 -2.8248046875000000000e+01 -1.1459510860378959052e+01 -2.8244602688986148564e+01  4.0000000000000000000e+01
69 -3.4441860138514357459e-03 
70  2.3111328125000000000e+01 -8.3678132000323515172e+00  2.3116296115252705334e+01  4.0000000000000000000e+01
70 -4.9679902527053343420e-03 
71 -2.7734375000000000000e+00 -9.4833753146633519293e+00 -2.7687198562574257821e+00  4.0000000000000000000e+01
71 -4.7176437425742179244e-03 
72  1.8810546875000000000e+01  1.4920764906541245765e+01  1.8816460412202914654e+01  4.0000000000000000000e+01
72 -5.9135372029146537898e-03 
73 -2.1623046875000000000e+01  1.1895114186424097014e+01 -2.1620150388549266296e+01  4.0000000000000000000e+01
73 -2.8964864507337040322e-03 
74  5.2265625000000000000e+00  1.2595922879835928399e+01  5.2319405300460699593e+00  4.0000000000000000000e+01
74 -5.3780300460699592691e-03 
75 -5.7382812500000000000e+00  1.0893794506522565868e+01 -5.7341394457208778590e+00  4.0000000000000000000e+01
75 -4.1418042791221409971e-03 
76 -9.5839843750000000000e+00 -1.5124637601024064182e+01 -9.5789372841422721905e+00  4.0000000000000000000e+01
76 -5.0470908577278095208e-03 
77  2.9957031250000000000e+01  8.7980976843981597568e+00  2.9962331080635379976e+01  4.0000000000000000000e+01
77 -5.2998306353799762292e-03 
78 -2.9246093750000000000e+01 -1.3157943351286228051e+01 -2.9240199187735349540e+01  4.0000000000000000000e+01
78 -5.8945622646504602926e-03 
79  2.0705078125000000000e+01 -9.3770029397049032838e+00  2.0710905606678160495e+01  4.0000000000000000000e+01
79 -5.8274816781604954485e-03 
80  5.6992187500000000000e+00  1.5454374571020608187e+01  5.7038754437768020011e+00  4.0000000000000000000e+01
80 -4.6566937768020011390e-03 
81 -2.0357421875000000000e+01  8.8285486396739241144e+00 -2.0352166915584376738e+01  4.0000000000000000000e+01
81 -5.2549594156232615205e-03 
82 -7.0117187500000000000e+00 -8.4655420829159151452e+00 -7.0083402453455008185e+00  4.0000000000000000000e+01
82 -3.3785046544991814699e-03 
83  2.1185546875000000000e+01  1.0293604933718667027e+01  2.1190815337206384328e+01  4.0000000000000000000e+01
83 -5.2684622063843278283e-03 
84 -2.5697265625000000000e+01 -9.9316838499132895635e+00 -2.5691889380592986214e+01  4.0000000000000000000e+01
84 -5.3762444070137860308e-03 
85  2.7978515625000000000e+01  1.2435918076511772057e+01  2.7982190446799123151e+01  4.0000000000000000000e+01
85 -3.6748217991231513224e-03 
86 -2.4470703125000000000e+01  8.3000135160844887849e+00 -2.4466119333292013494e+01  4.0000000000000000000e+01
86 -4.5837917079865064807e-03 
87  5.9648437500000000000e+00  1.0734526658187704129e+01  5.9685293455233736637e+00  4.0000000000000000000e+01
87 -3.6855955233736636956e-03 
88 -1.0289062500000000000e+01  9.4899985527800971852e+00 -1.0285118000231811664e+01  4.0000000000000000000e+01
88 -3.9444997681883364749e-03 
89 -7.7265625000000000000e+00 -8.1671351852581413056e+00 -7.7219930354702910336e+00  4.0000000000000000000e+01
89 -4.5694645297089664382e-03 
90  1.8310546875000000000e+01  1.2698431400929028001e+01  1.8313142605082919800e+01  4.0000000000000000000e+01
90 -2.5957300829198004521e-03 
91 -2.0042968750000000000e+01  1.0028447378341128982e+01 -2.0039413208993344995e+01  4.0000000000000000000e+01
91 -3.5555410066550052761e-03 
92 -1.2171875000000000000e+01 -1.1214878083831324673e+01 -1.2168248679043154326e+01  4.0000000000000000000e+01
92 -3.6263209568456744591e-03 
93  1.1335937500000000000e+01 -1.1480013498786336257e+01  1.1341551114072498052e+01  4.0000000000000000000e+01
93 -5.6136140724980521099e-03 
94  9.2480468750000000000e+00  1.1311781360639436400e+01  9.2528676818683983640e+00  4.0000000000000000000e+01
94 -4.8208068683983640312e-03 
95 -2.0562500000000000000e+01  1.0536824027153764760e+01 -2.0558538165764467465e+01  4.0000000000000000000e+01
95 -3.9618342355325353310e-03 
96 -3.1796875000000000000e+00  1.1577333186135405185e+01 -3.1746231508830602408e+00  4.0000000000000000000e+01
96 -5.0643491169397591989e-03 
97 -1.7775390625000000000e+01 -1.0400187143563149661e+01 -1.7770969757917356446e+01  4.0000000000000000000e+01
97 -4.4208670826435536583e-03 
98  1.5642578125000000000e+01 -9.7960836513792344249e+00  1.5648569934367273504e+01  4.0000000000000000000e+01
98 -5.9918093672735039945e-03 
99  6.7011718750000000000e+00  1.2275131839936982203e+01  6.7067740490480165505e+00  4.0000000000000000000e+01
99 -5.6021740480165505005e-03 
100 -1.8380859375000000000e+01  1.1204964772967461073e+01 -1.8376933716251166118e+01  4.0000000000000000000e+01
100 -3.9256587488338823277e-03 
101 -3.8339843750000000000e+00  1.2654235616221484406e+01 -3.8296278298219110781e+00  4.0000000000000000000e+01
101 -4.3565451780889219435e-03 
102 -5.9863281250000000000e+00  1.4599761904875165897e+01 -5.9822255842944525028e+00  4.0000000000000000000e+01
102 -4.1025407055474971685e-03 
103 -1.8710937500000000000e+01 -1.0943764292914654135e+01 -1.8707231784523976614e+01  4.0000000000000000000e+01
103 -3.7057154760233856905e-03 
104  1.4466796875000000000e+01 -1.4238961873651621914e+01  1.4474458606956165596e+01  4.0000000000000000000e+01
104 -7.6617319561655961024e-03 
105  1.7070312500000000000e+00 -9.7163267759774587518e+00  1.7101582860640371919e+00  4.0000000000000000000e+01
105 -3.1270360640371919203e-03 
106 -5.3417968750000000000e+00 -1.4536552887054735805e+01 -5.3361756562431983397e+00  4.0000000000000000000e+01
106 -5.6212187568016602768e-03 
107  1.2794921875000000000e+01  8.0667913709707566028e+00  1.2801336656539870518e+01  4.0000000000000000000e+01
107 -6.4147815398705176904e-03 
108 -1.7154296875000000000e+01  1.2310078321590490091e+01 -1.7151108913006261503e+01  4.0000000000000000000e+01
108 -3.1879619937384973127e-03 
109 -4.9003906250000000000e+00  1.2477728975659235999e+01 -4.8956553630618619977e+00  4.0000000000000000000e+01
109 -4.7352619381380023356e-03 
110 -1.5484375000000000000e+01 -1.0340185644959479561e+01 -1.5478689061796124804e+01  4.0000000000000000000e+01
110 -5.6859382038751959954e-03 
111  2.7630859375000000000e+01  1.0322795020985287451e+01  2.7638195639763591061e+01  4.0000000000000000000e+01
111 -7.3362647635910605004e-03 
112 -3.0435546875000000000e+01 -1.3751044811597044060e+01 -3.0430142182450641286e+01  4.0000000000000000000e+01
112 -5.4046925493587139044e-03 
113  3.2859375000000000000e+01  9.7881033662745338120e+00  3.2864925545990388400e+01  4.0000000000000000000e+01
113 -5.5505459903884002415e-03 
114 -2.5167968750000000000e+01  8.0450827388315993005e+00 -2.5164403944324977402e+01  4.0000000000000000000e+01
114 -3.5648056750225975975e-03 
115 -3.5097656250000000000e+00 -8.3965893165253007169e+00 -3.5054306725247323939e+00  4.0000000000000000000e+01
115 -4.3349524752676060757e-03 
116  3.5332031250000000000e+00 -1.4528997326323949579e+01  3.5393496052208597291e+00  4.0000000000000000000e+01
116 -6.1464802208597291155e-03 
117  1.1257812500000000000e+01 -8.6065041487047704294e+00  1.1262628582803795751e+01  4.0000000000000000000e+01
117 -4.8160828037957514880e-03 
118  5.5683593750000000000e+00  1.4151475767061405975e+01  5.5720083831578488542e+00  4.0000000000000000000e+01
118 -3.6490081578488542391e-03 
119 -2.9388671875000000000e+01 -1.2922433758585643915e+01 -2.9384333112509430919e+01  4.0000000000000000000e+01
119 -4.3387624905690813648e-03 
120  2.2732421875000000000e+01 -8.7411187036038455744e+00  2.2737544147924722893e+01  4.0000000000000000000e+01
120 -5.1222729247228926397e-03 
121  5.0605468750000000000e+00  8.3908111988974685147e+00  5.0655385322656565350e+00  4.0000000000000000000e+01
121 -4.9916572656565350030e-03 
122 -9.7675781250000000000e+00  8.0496524117858569980e+00 -9.7637580337047555901e+00  4.0000000000000000000e+01
122 -3.8200912952444099346e-03 
123 -3.7304687500000000000e-01  9.4920355312498685407e+00 -3.6770273105773476630e-01  4.0000000000000000000e+01
123 -5.3441439422652337043e-03 
124 -1.4453125000000000000e+00  1.0414661791199302243e+01 -1.4386757083712264915e+00  4.0000000000000000000e+01
124 -6.6367916287735084779e-03 
125  3.9062500000000000000e-03  1.4664144897740964524e+01  9.8640122490198933747e-03  4.0000000000000000000e+01
125 -5.9577622490198933747e-03 
126 -1.6931640625000000000e+01 -9.2003254781842009891e+00 -1.6925938127403508560e+01  4.0000000000000000000e+01
126 -5.7024975964914403903e-03 
127  2.5787109375000000000e+01  8.6113997410450675574e+00  2.5792584113953360259e+01  4.0000000000000000000e+01
127 -5.4747389533602586198e-03 
128 -2.6449218750000000000e+01 -1.0646881489944874488e+01 -2.6444483644482996709e+01  4.0000000000000000000e+01
128 -4.7351055170032907427e-03 
129  1.5750000000000000000e+01 -1.2230825718150693859e+01  1.5753955015445221477e+01  4.0000000000000000000e+01
129 -3.9550154452214769663e-03 
130  8.5683593750000000000e+00  1.2477798980218615554e+01  8.5732408961320238916e+00  4.0000000000000000000e+01
130 -4.8815211320238915960e-03 
131 -2.8976562500000000000e+01 -1.1309590196326789524e+01 -2.8971896467293593247e+01  4.0000000000000000000e+01
131 -4.6660327064067530500e-03 
132  1.7099609375000000000e+01 -9.2875563627671713363e+00  1.7103288409864852326e+01  4.0000000000000000000e+01
132 -3.6790348648523263364e-03 
133 -4.9296875000000000000e+00 -1.4702511452627218702e+01 -4.9247417539168658607e+00  4.0000000000000000000e+01
133 -4.9457460831341393259e-03 
134  2.1986328125000000000e+01  1.4455444138461587045e+01  2.1992524488243564207e+01  4.0000000000000000000e+01
134 -6.1963632435642068685e-03 
135 -2.4947265625000000000e+01  1.2990769438919890888e+01 -2.4944448582809794601e+01  4.0000000000000000000e+01
135 -2.8170421902053988106e-03 
136  3.7578125000000000000e+00  1.5686072539499964051e+01  3.7628828495630646245e+00  4.0000000000000000000e+01
136 -5.0703495630646244763e-03 
137 -9.2695312500000000000e+00  1.2515205205452307524e+01 -9.2668670489926441292e+00  4.0000000000000000000e+01
137 -2.6642010073558708427e-03 
138  1.5175781250000000000e+00  1.0089791389624426898e+01  1.5214203102386640865e+00  4.0000000000000000000e+01
138 -3.8421852386640864552e-03 
139 -1.3451171875000000000e+01 -1.1589481767089695907e+01 -1.3445917026988343679e+01  4.0000000000000000000e+01
139 -5.2548480116563212050e-03 
140  1.5523437500000000000e+01 -1.4786301598589794537e+01  1.5529040061412636931e+01  4.0000000000000000000e+01
140 -5.6025614126369305268e-03 
141  1.1812500000000000000e+01  1.0391766009271426796e+01  1.1817016810007558547e+01  4.0000000000000000000e+01
141 -4.5168100075585471131e-03 
142 -1.8056640625000000000e+01  1.3378057647371239369e+01 -1.8050672489330530368e+01  4.0000000000000000000e+01
142 -5.9681356694696319209e-03 
143 -9.3476562500000000000e+00  8.8451229324131901421e+00 -9.3430763880568044044e+00  4.0000000000000000000e+01
143 -4.5798619431955955861e-03 
144 -1.3179687500000000000e+01 -1.5515119759116252851e+01 -1.3175383155823780612e+01  4.0000000000000000000e+01
144 -4.3043441762193879185e-03 
145  1.8982421875000000000e+01 -1.1822745820328233179e+01  1.8988102376812253880e+01  4.0000000000000000000e+01
145 -5.6805018122538797343e-03 
146  7.6132812500000000000e+00  1.2664051869045346521e+01  7.6188053234983037498e+00  4.0000000000000000000e+01
146 -5.5240734983037498296e-03 
147 -2.0751953125000000000e+01  9.5848435078107190321e+00 -2.0748826234691062353e+01  4.0000000000000000000e+01
147 -3.1268903089376465232e-03 
148  1.0039062500000000000e+00  1.5282952349612170195e+01  1.0086237999993921122e+00  4.0000000000000000000e+01
148 -4.7175499993921121700e-03 
149 -1.2183593750000000000e+01  1.0476286085183446062e+01 -1.2178781048980665602e+01  4.0000000000000000000e+01
149 -4.8127010193343977562e-03 
150  1.8457031250000000000e+00  1.3630475780929423024e+01  1.8511065118778731176e+00  4.0000000000000000000e+01
150 -5.4033868778731175553e-03 
151 -9.1484375000000000000e+00  1.2878382940752983288e+01 -9.1436644496354375633e+00  4.0000000000000000000e+01
151 -4.7730503645624366982e-03 
152 -2.8652343750000000000e+00  1.5865535485194781629e+01 -2.8608054285167492381e+00  4.0000000000000000000e+01
152 -4.4289464832507619008e-03 
153 -1.3677734375000000000e+01  9.7553723460359833553e+00 -1.3674202349801891643e+01  4.0000000000000000000e+01
153 -3.5320251981083572446e-03 
154 -1.0632812500000000000e+01 -8.1895021634570870361e+00 -1.0627891211720926989e+01  4.0000000000000000000e+01
154 -4.9212882790730105853e-03 
155  1.6611328125000000000e+01  1.3783188663658386020e+01  1.6616359618374787033e+01  4.0000000000000000000e+01
155 -5.0314933747870327352e-03 
156 -2.6876953125000000000e+01  8.9175986966925488986e+00 -2.6873451735245211580e+01  4.0000000000000000000e+01
156 -3.5013897547884198502e-03 
157 -1.6816406250000000000e+00  1.2479717285427673445e+01 -1.6769323368623147985e+00  4.0000000000000000000e+01
157 -4.7082881376852014910e-03 
158 -2.7599609375000000000e+01 -1.5205473632057376676e+01 -2.7596333656287079350e+01  4.0000000000000000000e+01
158 -3.2757187129206499776e-03 
159  3.0798828125000000000e+01  1.4507247948208679134e+01  3.0805611243812457190e+01  4.0000000000000000000e+01
159 -6.7831188124571895059e-03 
160 -4.6812500000000000000e+01 -1.3557016995299310480e+01 -4.6809791765005783759e+01  4.6000000000000000000e+01
160 -2.7082349942162409207e-03 
161  2.0056640625000000000e+01 -1.4812568952666683941e+01  2.0061851144149976278e+01  4.6000000000000000000e+01
161 -5.2105191499762781859e-03 
162 -6.7460937500000000000e+00 -9.6326282982178383918e+00 -6.7426715161462933423e+00  4.6000000000000000000e+01
162 -3.4222338537066576691e-03 
163  8.9101562500000000000e+00  1.1760795636756736116e+01  8.9161705598249429983e+00  4.6000000000000000000e+01
163 -6.0143098249429982616e-03 
164 -2.5154296875000000000e+01  1.0717105404890761022e+01 -2.5149932815404749675e+01  4.6000000000000000000e+01
164 -4.3640595952503247190e-03 
165 -1.2902343750000000000e+01 -1.5836036914497345407e+01 -1.2898363925066012925e+01  4.6000000000000000000e+01
165 -3.9798249339870750418e-03 
166  2.6410156250000000000e+01  8.3634075092384723149e+00  2.6415744005859057353e+01  4.6000000000000000000e+01
166 -5.5877558590573528363e-03 
167 -1.5912109375000000000e+01  1.4943810441757687357e+01 -1.5905801854625387648e+01  4.6000000000000000000e+01
167 -6.3075203746123520432e-03 
168 -2.1927734375000000000e+01 -1.5942740356564566895e+01 -2.1922860806188953831e+01  4.6000000000000000000e+01
168 -4.8735688110461694578e-03 
169  3.2994140625000000000e+01  9.5107762442192029795e+00  3.2999853471608119548e+01  4.6000000000000000000e+01
169 -5.7128466081195483639e-03 
170 -2.1236328125000000000e+01  1.2270080698463999624e+01 -2.1230966926113744364e+01  4.6000000000000000000e+01
170 -5.3611988862556358981e-03 
171 -1.1992187500000000000e+00  1.4565313791319287162e+01 -1.1932531692442012172e+00  4.6000000000000000000e+01
171 -5.9655807557987827749e-03 
172 -2.2031250000000000000e+01 -1.1509994800721749186e+01 -2.2027060492810246473e+01  4.6000000000000000000e+01
172 -4.1895071897535274275e-03 
173  1.9306640625000000000e+01 -1.2977854957279223669e+01  1.9312621814834272982e+01  4.6000000000000000000e+01
173 -5.9811898342729818978e-03 
174  9.5703125000000000000e+00  1.2899778787276261482e+01  9.5750468905467052139e+00  4.6000000000000000000e+01
174 -4.7343905467052138647e-03 
175 -3.2433593750000000000e+01 -1.4798162611064899608e+01 -3.2427476149211123868e+01  4.6000000000000000000e+01
175 -6.1176007888761319009e-03 
176  1.9220703125000000000e+01 -1.3883125565735472406e+01  1.9225370274848621932e+01  4.6000000000000000000e+01
176 -4.6671498486219320512e-03 
177  1.0349609375000000000e+01  1.2644823157920562551e+01  1.0354822030733320304e+01  4.6000000000000000000e+01
177 -5.2126557333203038525e-03 
178 -3.2556640625000000000e+01 -1.5498874365631467143e+01 -3.2551859039628013193e+01  4.6000000000000000000e+01
178 -4.7815853719868073313e-03 
179  2.4513671875000000000e+01 -1.0013770371563897044e+01  2.4518621449474508722e+01  4.6000000000000000000e+01
179 -4.9495744745087222327e-03 
180  6.5703125000000000000e+00  1.3918560809135717804e+01  6.5747088127547055336e+00  4.6000000000000000000e+01
180 -4.3963127547055336208e-03 
181 -2.8095703125000000000e+01 -1.3869167526716649874e+01 -2.8090387129865291627e+01  4.6000000000000000000e+01
181 -5.3159951347083733708e-03 
182  3.3609375000000000000e+01  1.0740007664307661628e+01  3.3615511387951393374e+01  4.6000000000000000000e+01
182 -6.1363879513933738963e-03 
183 -3.1806640625000000000e+01 -1.5076082604020669464e+01 -3.1801427094897455561e+01  4.6000000000000000000e+01
183 -5.2135301025444391598e-03 
184  2.6968750000000000000e+01 -1.3458666683201125025e+01  2.6974137250542046473e+01  4.6000000000000000000e+01
184 -5.3872505420464733561e-03 
185  1.0957031250000000000e+01  1.4199538642516394304e+01  1.0962793518480591359e+01  4.6000000000000000000e+01
185 -5.7622684805913593209e-03 
186 -1.6541015625000000000e+01  1.1133260708943435446e+01 -1.6537849128606993077e+01  4.6000000000000000000e+01
186 -3.1664963930069234266e-03 
187 -1.0648437500000000000e+01 -1.2524697576375178443e+01 -1.0643835360785333322e+01  4.6000000000000000000e+01
187 -4.6021392146666784129e-03 
188  2.2125000000000000000e+01 -9.2843220843317997293e+00  2.2131490565553605165e+01  4.6000000000000000000e+01
188 -6.4905655536051654053e-03 
189 -1.2500000000000000000e+00 -1.1559035229468896944e+01 -1.2436296736138992003e+00  4.6000000000000000000e+01
189 -6.3703263861007997093e-03 
190  1.8898437500000000000e+01  1.1510209604538410133e+01  1.8903048342317159580e+01  4.6000000000000000000e+01
190 -4.6108423171595802614e-03 
191 -2.7712890625000000000e+01 -9.1476556888690989666e+00 -2.7709683179704555300e+01  4.6000000000000000000e+01
191 -3.2074452954446996955e-03 
192  2.1398437500000000000e+01 -8.3867918480471299603e+00  2.1403487956065493591e+01  4.6000000000000000000e+01
192 -5.0504560654935914954e-03 
193  9.7851562500000000000e+00  1.4305080155656423102e+01  9.7907108804432354532e+00  4.6000000000000000000e+01
193 -5.5546304432354531855e-03 
194 -1.2972656250000000000e+01  1.2047288592026198728e+01 -1.2966989986554809278e+01  4.6000000000000000000e+01
194 -5.6662634451907223365e-03 
195  1.2500000000000000000e-01  1.1604335111306836481e+01  1.2950941145798644527e-01  4.6000000000000000000e+01
195 -4.5094114579864452708e-03 
196 -1.1654296875000000000e+01 -1.3125919386781989218e+01 -1.1649174950775803339e+01  4.6000000000000000000e+01
196 -5.1219242241966611573e-03 
197  3.4099609375000000000e+01  1.5648841593852882426e+01  3.4106324083120320267e+01  4.6000000000000000000e+01
197 -6.7147081203202674260e-03 
198 -2.5427734375000000000e+01  1.1924798235307886074e+01 -2.5424518285634125192e+01  4.6000000000000000000e+01
198 -3.2160893658748079815e-03 
199  4.4199218750000000000e+00  1.3381246490262537208e+01  4.4237662894010885140e+00  4.6000000000000000000e+01
199 -3.8444144010885139551e-03 
