1 -470.062 -2649.38 -2506.09
2 -921.085 -2649.38 -2506.09
3 -789.769 -2649.38 -2506.09
4 -475.057 -2649.38 -2506.09
5 -418.51 -2649.38 -2506.09
6 -522.347 -2649.38 -2506.09
7 -635.141 -2649.38 -2506.09
8 -709.191 -2649.38 -2506.09
9 -782.74 -2649.38 -2506.09
10 -882.238 -2649.38 -2506.09
11 -988.251 -2649.38 -2506.09
12 -1072.99 -2649.38 -2506.09
13 -1135.16 -2649.38 -2506.09
14 -1193.16 -2649.38 -2506.09
15 -1258.9 -2649.38 -2506.09
16 -1328.13 -2649.38 -2506.09
17 -1391.45 -2649.38 -2506.09
18 -1446.41 -2649.38 -2506.09
19 -1497.46 -2649.38 -2506.09
20 -1548.6 -2649.38 -2506.09
21 -1599.41 -2649.38 -2506.09
22 -1647.35 -2649.38 -2506.09
23 -1691.46 -2649.38 -2506.09
24 -1732.88 -2649.38 -2506.09
25 -1772.94 -2649.38 -2506.09
26 -1811.75 -2649.38 -2506.09
27 -1848.67 -2649.38 -2506.09
28 -1883.4 -2649.38 -2506.09
29 -1916.24 -2649.38 -2506.09
30 -1947.64 -2649.38 -2506.09
31 -1977.74 -2649.38 -2506.09
32 -2006.41 -2649.38 -2506.09
33 -2033.6 -2649.38 -2506.09
34 -2059.4 -2649.38 -2506.09
35 -2083.98 -2649.38 -2506.09
36 -2107.44 -2649.38 -2506.09
37 -2129.79 -2649.38 -2506.09
38 -2151.04 -2649.38 -2506.09
39 -2171.24 -2649.38 -2506.09
40 -2190.47 -2649.38 -2506.09
41 -2208.79 -2649.38 -2506.09
42 -2226.24 -2649.38 -2506.09
43 -2242.85 -2649.38 -2506.09
44 -2258.64 -2649.38 -2506.09
45 -2273.68 -2649.38 -2506.09
46 -2287.99 -2649.38 -2506.09
47 -2301.62 -2649.38 -2506.09
48 -2314.6 -2649.38 -2506.09
49 -2326.94 -2649.38 -2506.09
50 -2338.7 -2649.38 -2506.09
51 -2349.88 -2649.38 -2506.09
52 -2360.54 -2649.38 -2506.09
53 -2370.67 -2649.38 -2506.09
54 -2380.32 -2649.38 -2506.09
55 -2389.51 -2649.38 -2506.09
56 -2398.25 -2649.38 -2506.09
57 -2406.57 -2649.38 -2506.09
58 -2414.5 -2649.38 -2506.09
59 -2422.04 -2649.38 -2506.09
60 -2429.22 -2649.38 -2506.09
61 -2436.05 -2649.38 -2506.09
62 -2442.55 -2649.38 -2506.09
63 -2448.75 -2649.38 -2506.09
64 -2454.64 -2649.38 -2506.09
65 -2460.25 -2649.38 -2506.09
66 -2465.59 -2649.38 -2506.09
67 -2470.67 -2649.38 -2506.09
68 -2475.51 -2649.38 -2506.09
69 -2480.12 -2649.38 -2506.09
70 -2484.5 -2649.38 -2506.09
71 -2488.67 -2649.38 -2506.09
72 -2492.65 -2649.38 -2506.09
73 -2496.43 -2649.38 -2506.09
74 -2500.03 -2649.38 -2506.09
75 -2503.45 -2649.38 -2506.09
76 -2506.71 -2649.38 -2506.09
77 -2509.82 -2649.38 -2506.09
78 -2512.77 -2649.38 -2506.09
79 -2515.59 -2649.38 -2506.09
80 -2518.26 -2649.38 -2506.09
81 -2520.81 -2649.38 -2506.09
82 -2523.24 -2649.38 -2506.09
83 -2525.55 -2649.38 -2506.09
84 -2527.75 -2649.38 -2506.09
85 -2529.84 -2649.38 -2506.09
86 -2531.83 -2649.38 -2506.09
87 -2533.73 -2649.38 -2506.09
88 -2535.53 -2649.38 -2506.09
89 -2537.25 -2649.38 -2506.09
90 -2538.88 -2649.38 -2506.09
91 -2540.44 -2649.38 -2506.09
92 -2541.92 -2649.38 -2506.09
93 -2543.33 -2649.38 -2506.09
94 -2544.67 -2649.38 -2506.09
95 -2545.95 -2649.38 -2506.09
96 -2547.17 -2649.38 -2506.09
97 -2548.33 -2649.38 -2506.09
98 -2549.43 -2649.38 -2506.09
99 -2550.48 -2649.38 -2506.09
100 -2551.48 -2649.38 -2506.09
101 -2552.43 -2649.38 -2506.09
102 -2553.33 -2649.38 -2506.09
103 -2554.19 -2649.38 -2506.09
104 -2555.01 -2649.38 -2506.09
105 -2555.79 -2649.38 -2506.09
106 -2556.54 -2649.38 -2506.09
107 -2557.24 -2649.38 -2506.09
108 -2557.92 -2649.38 -2506.09
109 -2558.56 -2649.38 -2506.09
110 -2559.17 -2649.38 -2506.09
111 -2559.75 -2649.38 -2506.09
112 -2560.3 -2649.38 -2506.09
113 -2560.83 -2649.38 -2506.09
114 -2561.33 -2649.38 -2506.09
115 -2561.8 -2649.38 -2506.09
116 -2562.26 -2649.38 -2506.09
117 -2562.69 -2649.38 -2506.09
118 -2563.1 -2649.38 -2506.09
119 -2563.49 -2649.38 -2506.09
120 -2563.87 -2649.38 -2506.09
121 -2564.22 -2649.38 -2506.09
122 -2564.56 -2649.38 -2506.09
123 -2564.88 -2649.38 -2506.09
124 -2565.18 -2649.38 -2506.09
125 -2565.48 -2649.38 -2506.09
126 -2565.75 -2649.38 -2506.09
127 -2566.02 -2649.38 -2506.09
128 -2566.27 -2649.38 -2506.09
129 -2566.51 -2649.38 -2506.09
130 -2566.73 -2649.38 -2506.09
131 -2566.95 -2649.38 -2506.09
132 -2567.16 -2649.38 -2506.09
133 -2567.35 -2649.38 -2506.09
134 -2567.54 -2649.38 -2506.09
135 -2567.72 -2649.38 -2506.09
136 -2567.89 -2649.38 -2506.09
137 -2568.05 -2649.38 -2506.09
138 -2568.2 -2649.38 -2506.09
139 -2568.35 -2649.38 -2506.09
140 -2568.49 -2649.38 -2506.09
141 -2568.62 -2649.38 -2506.09
142 -2568.74 -2649.38 -2506.09
143 -2568.86 -2649.38 -2506.09
144 -2568.98 -2649.38 -2506.09
145 -2569.09 -2649.38 -2506.09
146 -2569.19 -2649.38 -2506.09
147 -2569.29 -2649.38 -2506.09
148 -2569.38 -2649.38 -2506.09
149 -2569.47 -2649.38 -2506.09
150 -2569.56 -2649.38 -2506.09
151 -2569.64 -2649.38 -2506.09
152 -2569.71 -2649.38 -2506.09
153 -2569.79 -2649.38 -2506.09
154 -2569.86 -2649.38 -2506.09
155 -2569.92 -2649.38 -2506.09
156 -2569.99 -2649.38 -2506.09
157 -2570.05 -2649.38 -2506.09
158 -2570.1 -2649.38 -2506.09
159 -2570.16 -2649.38 -2506.09
