1 747.118 -0.439616 -0.44043
2 2575.33 -1.63925 -1.73438
3 -21323.9 12.1208 12.0049
4 -21109 15.9657 15.8252
5 -14472.1 12.0319 11.9404
6 18806 -8.8646 -8.71777
7 9022.93 -8.8115 -8.7168
8 -16220.4 7.74527 7.67578
9 -21672.8 15.5575 15.1582
10 28585 -12.9325 -13.2998
11 22959.8 -18.2974 -18.3164
12 -13787.2 3.94688 4.05957
13 -15100.9 11.2345 10.8721
14 -18609.1 13.9166 13.5127
15 -12418.4 10.5123 10.4619
16 10381.1 -4.35388 -4.21582
17 1180.65 -2.81703 -2.65723
18 23617.4 -14.3513 -14.3906
19 163.977 -3.94991 -4.26074
20 1397.73 -0.672356 -0.907227
21 11255.3 -6.57836 -6.94043
22 -5727.29 1.66766 1.48926
23 -2605.16 2.48166 2.35059
24 -19244.3 11.8145 11.5566
25 11460.5 -3.5368 -3.69824
26 6781.51 -5.96727 -6.07715
27 -9795.14 4.42312 4.41113
28 1498 0.707177 0.508789
29 6970.45 -4.1895 -4.47461
30 11899.9 -8.14776 -8.24219
31 14497.8 -10.5709 -10.6416
32 28881.4 -19.3459 -19.5283
33 -6545.19 -0.747611 -1.01074
34 -6961.33 5.4472 5.11914
35 -17289.3 11.7029 11.3018
36 -21341.8 15.5522 15.4707
37 15193.7 -5.57364 -5.54004
38 11089.7 -9.35533 -9.18066
39 27013.7 -18.0713 -17.9746
40 28530.9 -21.2497 -21.5811
41 15744.1 -13.6954 -14.1113
42 24900.4 -16.8319 -17.2939
43 -7625.34 0.83488 0.454102
44 30304.3 -16.2228 -16.4346
45 27591.7 -20.9755 -21.2783
46 660.682 -4.89856 -4.9502
47 14164.5 -8.24096 -8.64355
48 3595.46 -4.01152 -4.39062
49 2717.52 -1.94804 -2.10938
50 2914.2 -2.06799 -2.2627
51 -14351.6 8.02414 7.86133
52 16012.7 -7.00866 -7.19531
53 -22785.3 10.7753 10.6631
54 27747.9 -12.6608 -12.583
55 -21388.9 8.0036 7.74707
56 12069.2 -3.63482 -3.66113
57 -12774.1 5.61815 5.31445
58 3303 0.175577 0.24707
59 -12829 6.97364 6.76758
60 -18478.3 12.9319 12.9111
61 -11662.3 9.86871 9.73047
62 -9756.47 7.5581 7.55859
63 -24341 15.6733 15.708
64 13731.7 -4.30766 -4.31738
65 -6256.98 1.22387 1.19141
66 -6476.25 4.59667 4.64258
67 25278.1 -13.8259 -14.1113
68 -23619.6 9.7737 9.64844
69 -25399.8 18.8225 18.7158
70 16884.7 -5.56413 -5.87988
71 -10081.1 3.0801 3.19043
72 -17367.7 11.489 11.666
73 12389.9 -4.50782 -4.7002
74 26393.3 -17.5338 -17.6729
75 20894 -16.8237 -16.8115
76 16014.1 -12.8999 -13.1475
77 927.793 -2.84353 -3.32617
78 -2105.81 1.54802 1.13086
79 -18284.4 11.4228 11.1543
80 -18355 13.8939 13.8105
81 -23371.3 16.6945 16.6191
82 -21122.6 16.0522 16.0977
83 -18108.2 13.8198 13.8652
84 13288.3 -5.18447 -5.11133
85 -23599.8 11.3291 11.3164
86 24509.5 -10.7864 -10.8242
87 11972.1 -11.0806 -11.415
88 -10937.4 4.40308 4.30078
89 9157.25 -3.4701 -3.90918
90 -11522.4 5.53523 5.23535
91 -23774.2 15.9266 15.8438
92 22056 -9.07689 -9.2373
93 2454.11 -5.20739 -5.17676
94 25165 -15.5051 -15.4365
95 -10352.6 1.94195 1.65527
96 -18567.7 12.8782 12.6523
97 7346.62 -0.924373 -1.25
98 26302 -16.635 -16.623
99 7683.19 -9.17259 -8.99707
100 -5244.25 1.68728 1.5293
101 5792.47 -2.21791 -2.66016
102 -18192.1 10.0884 9.76172
103 11407.1 -3.66893 -3.74707
104 11626 -8.8051 -8.88281
105 29197.8 -19.2819 -19.1855
106 15575.5 -14.0217 -14.2393
107 6674.74 -6.28213 -6.57227
108 -1910.28 0.442671 -0.0371094
109 1527.51 -0.204404 -0.484375
110 -3880.93 2.17709 2.10938
111 -3052.55 2.39559 2.375
112 8487.24 -4.54835 -4.64258
113 -8320.24 3.44501 3.34277
114 9390.52 -4.18567 -4.26367
115 22930.1 -14.9911 -15.1816
116 -6678.01 0.128648 0.0761719
117 13603.6 -6.8487 -7.0957
118 -17621.5 8.38456 7.98633
119 28183.8 -13.5244 -13.6396
120 -16472 5.07451 4.8584
121 29665.4 -14.8261 -14.8369
122 -10017 1.08798 0.731445
123 -10082.1 7.66245 7.58887
124 21457.2 -10.7696 -11.1729
125 19917.1 -15.1898 -15.2754
126 -14767.8 5.23568 5.20117
127 4990.05 -0.399483 -0.675781
128 12386 -7.76647 -8.1084
129 17313.3 -12.1816 -12.2559
130 -16065.4 6.49114 6.37109
131 -8117.33 7.53915 7.29004
132 -15744.3 10.877 10.5557
133 -17499 12.9019 12.9219
134 2477.83 1.20327 1.22559
135 29469.6 -18.0355 -18.0176
136 21986.8 -18.0964 -18.1465
137 21363.9 -16.27 -16.5918
138 27564.5 -19.3976 -19.9932
139 -6634.53 -0.158497 -0.675781
140 12142.4 -5.64164 -6.07617
141 -21746 11.1343 10.7305
142 -20003.9 15.4579 15.376
143 30560.5 -14.6748 -14.873
144 -2488.92 -3.79332 -3.73633
145 19590.8 -11.4527 -11.3945
146 21113.8 -15.5483 -15.998
147 -7813.26 1.37192 1.15234
148 25922.2 -13.705 -14.0059
149 -11245.2 2.6181 2.37988
150 16250.1 -7.62182 -7.72656
151 24718.2 -17.1024 -17.3867
152 26831.5 -19.834 -19.8555
153 8277.07 -9.22713 -9.43945
154 7485.13 -5.43197 -5.80371
155 -11255.6 5.84975 5.39258
156 10399.8 -3.97442 -4.13867
157 -22279.5 11.4502 11.3516
158 25370.6 -11.358 -11.2842
159 9790.97 -10.0074 -10.1172
160 -5142.93 1.28058 1.26855
161 19065.7 -10.2594 -10.6992
162 -18798.4 8.18277 7.85059
163 16255.1 -6.36596 -6.45605
164 -3926.15 -0.293734 -0.496094
165 25279.7 -14.2923 -14.2031
166 2971.89 -5.93355 -6.15039
167 -2213.77 0.889599 0.725586
168 25776.4 -14.5552 -14.9258
169 14990.2 -12.8822 -13.1279
170 26668.8 -18.1623 -18.3027
171 -23103.4 9.3572 8.99219
172 -23866.3 18.2127 17.8848
173 -4413.96 6.92596 6.53418
174 -6875.96 4.7077 4.7998
175 9546.24 -4.94728 -4.75391
176 -6987.02 2.21754 2.16504
177 1477.99 0.229924 0.0498047
178 8532.14 -5.14205 -5.47852
179 14153.8 -9.69551 -9.76953
180 -7970.85 2.31334 2.21484
181 24315.6 -12.9139 -13.084
182 18922.7 -14.9668 -15.2617
183 -160.701 -2.98301 -3.05957
184 7578.52 -4.26527 -4.5498
185 -18524.9 9.97672 9.61328
186 -5650.78 6.55873 6.35254
187 -12008.3 8.02318 7.88477
188 -23748.9 15.7819 15.8574
189 -2775.09 5.34706 5.30762
190 -2940.45 2.00694 1.98438
191 -22366.4 13.3661 13.4541
192 28427.6 -13.2041 -13.3262
193 24743.6 -19.313 -19.4492
194 4478.48 -6.90079 -6.9375
195 -24970.8 14.0845 13.707
196 17012.7 -5.4055 -5.80176
197 1112.8 -3.20615 -3.32422
198 9635.59 -6.08901 -5.91895
199 30527.2 -19.6836 -19.8828
200 1403.48 -5.77277 -6.01562
