0
1
6
20
50
102
184
303
463
668
918
1212
1548
1923
2332
2769
3228
3702
4184
4666
5143
5607
6053
6476
6871
7234
7563
7856
8112
8330
8511
8655
8765
8843
8891
8911
8907
8882
8840
8783
8714
8637
8555
8470
8385
8301
8220
8144
8074
8011
7955
7907
7867
7835
7811
7795
7786
7783
7786
7795
7809
7826
7846
7867
7890
7913
7936
7957
7977
7995
8011
8025
8037
8046
8052
8056
8057
8057
8056
8054
8051
8049
8046
8042
8038
8033
8028
8024
8020
8016
8012
8008
8004
8001
7999
7998
7999
8001
8003
8006
8010
8014
8019
8024
8028
8032
8036
8040
8044
8047
8050
8051
8051
8050
8049
8048
8047
8046
8045
8044
8043
8043
8044
8045
8046
8047
8048
8049
8050
8050
8049
8048
8047
8046
8045
8044
8043
8043
8044
8045
8046
8047
8048
8049
8050
8050
8049
8048
8047
8046
8045
8044
8043
8043
8044
8045
8046
8047
8048
8049
8050
8050
8049
8048
8047
8046
8045
8044
8043
8043
8044
8045
8046
8047
8048
8049
8050
8050
8049
8048
8047
8046
8045
8044
8043
8043
8044
8045
8046
8047
8048
8049
8050
8050
8049
8048
8047
8046
8045
8044
8043
8043
8044
8045
8046
8047
8048
8049
8050
8050
8049
8048
8047
8046
8045
8044
8043
8043
8044
8045
8046
8047
8048
8049
8050
8050
8049
8048
8047
8046
8045
8044
8043
8043
8044
8045
8046
8047
8048
8049
8050
8050
8049
8048
8047
8046
8045
8044
8043
8043
8044
8045
8046
8047
8048
8049
8050
8050
8049
8048
8047
8046
8045
8044
8043
8043
8044
8045
8046
8047
8048
8049
8050
8050
8049
8048
8047
8046
8045
8044
8043
8043
8044
8045
8046
8047
8048
8049
8050
8050
8049
8048
8047
8046
8045
8044
8043
8043
8044
8045
8046
8047
8048
8049
8050
8050
8049
8048
8047
8046
8045
8044
8043
8043
8044
8045
8046
8047
8048
8049
8050
8050
8049
8048
8047
8046
8045
8044
8043
8043
8044
8045
8046
8047
8048
8049
8050
8050
8049
8048
8047
8046
8045
8044
8043
8043
8044
8045
8046
8047
8048
8049
8050
8050
8049
8048
8047
8046
8045
8044
8043
8043
8044
8045
8046
8047
8048
8049
8050
8050
8049
8048
8047
8046
8045
8044
8043
8043
8044
8045
8046
8047
8048
8049
8050
8050
8049
8048
8047
8046
8045
8044
8043
8043
8044
8045
8046
8047
8048
8049
8050
8050
8049
8048
8047
8046
8045
8044
8043
8043
8044
8045
8046
8047
8048
8049
8050
8050
8049
8048
8047
8046
8045
8044
8043
8043
8044
8045
8046
8047
8048
8049
8050
8050
8049
8048
8047
8046
8045
8044
8043
8043
8044
8045
8046
8047
8048
8049
8050
8050
8049
8048
8047
8046
8045
8044
8043
8043
8044
8045
8046
8047
8048
8049
8050
8050
8049
8048
8047
8046
8045
8044
8043
8043
8044
8045
8046
8047
8048
8049
8050
8050
8049
8048
8047
8046
8045
8044
8043
8043
8044
8045
8046
8047
8048
8049
8050
8050
8049
8048
8047
8046
8045
8044
8043
8043
8044
8045
8046
8047
8048
8049
8050
8050
8049
8048
8047
8046
8045
8044
8043
8043
8044
8045
8046
8047
8048
8049
8050
8050
8049
8048
8047
8046
8045
8044
8043
8043
8044
8045
8046
8047
8048
8049
8050
8050
8049
8048
8047
8046
8045
8044
8043
8043
8044
8045
8046
8047
8048
8049
8050
8050
8049
8048
8047
8046
8045
8044
8043
8043
8044
8045
8046
8047
8048
8049
8050
8050
8049
8048
8047
8046
8045
8044
8043
8043
8044
8045
8046
8047
8048
8049
8050
8050
8049
8048
8047
8046
8045
8044
8043
8043
8044
8045
8046
8047
8048
8049
8050
8050
8049
8048
8047
8046
8045
8044
8043
8043
8044
8045
8046
8047
8048
8049
8050
8050
8049
8048
8047
8046
8045
8044
8043
8043
8044
8045
8046
8047
8048
8049
8050
8050
8049
8048
8047
8046
8045
8044
8043
8043
8044
8045
8046
8047
8048
8049
8050
8050
8049
8048
8047
8046
8045
8044
8043
8043
8044
8045
8046
8047
8048
8049
8050
8050
8049
8048
8047
8046
8045
8044
8043
8043
8044
8045
8046
8047
8048
8049
8050
8050
8049
8048
8047
8046
8045
8044
8043
8043
8044
8045
8046
8047
8048
8049
8050
8050
8049
8048
8047
8046
8045
8044
8043
8043
8044
8045
8046
8047
8048
8049
8050
8050
8049
8048
8047
8046
8045
8044
8043
8043
8044
8045
8046
8047
8048
8049
8050
8050
8049
8048
8047
8046
8045
8044
8043
8043
8044
8045
8046
8047
8048
8049
8050
8050
8049
8048
8047
8046
8045
8044
8043
8043
8044
8045
8046
8047
8048
8049
8050
8050
8049
8048
8047
8046
8045
8044
8043
8043
8044
8045
8046
8047
8048
8049
8050
8050
8049
8048
8047
8046
8045
8044
8043
8043
8044
8045
8046
8047
8048
8049
8050
8050
8049
8048
8047
8046
8045
8044
8043
8043
8044
8045
8046
8047
8048
8049
8050
8050
8049
8048
8047
8046
8045
8044
8043
8043
8044
8045
8046
8047
8048
8049
8050
8050
8049
8048
8047
8046
8045
8044
8043
8043
8044
8045
8046
8047
8048
8049
8050
8050
8049
8048
8047
8046
8045
8044
8043
8043
8044
8045
8046
8047
8048
8049
8050
8050
8049
8048
8047
8046
8045
8044
8043
8043
8044
8045
8046
8047
8048
8049
8050
8050
8049
8048
8047
8046
8045
8044
8043
8043
8044
8045
8046
8047
8048
8049
8050
8050
8049
8048
8047
8046
8045
8044
8043
8043
8044
8045
8046
8047
8048
8049
8050
8050
8049
8048
8047
8046
8045
8044
8043
8043
8044
8045
8046
8047
8048
8049
8050
8050
8049
8048
8047
8046
8045
8044
8043
8043
8044
8045
8046
8047
8048
8049
8050
8050
8049
8048
8047
8046
8045
8044
8043
8043
8044
8045
8046
8047
8048
8049
8050
8050
8049
8048
8047
8046
8045
8044
8043
8043
8044
8045
8046
8047
8048
8049
8050
8050
8049
8048
8047
8046
8045
8044
8043
8043
8044
8045
8046
8047
8048
8049
8050
8050
8049
8048
8047
8046
8045
8044
8043
8043
8044
8045
8046
8047
8048
8049
8050
8050
8049
8048
8047
8046
8045
8044
8043
8043
8044
8045
8046
8047
8048
8049
8050
8050
8049
8048
8047
8046
8045
8044
8043
8043
8044
8045
8046
8047
8048
8049
8050
8050
8049
8048
8047
8046
8045
8044
8043
8043
8044
8045
8046
8047
8048
8049
8050
8050
8049
8048
8047
8046
8045
8044
8043
8043
8044
8045
8046
8047
8048
8049
8050
8050
8049
8048
8047
8046
8045
8044
8043
8043
8044
8045
8046
8047
8048
8049
8050
8050
8049
8048
8047
8046
8045
8044
8043
8043
8044
8045
8046
8047
8048
8049
8050
8050
8049
8048
8047
8046
8045
8044
8043
8043
8044
8045
8046
8047
8048
8049
8050
8050
8049
8048
8047
8046
8045
8044
8043
8043
8044
8045
8046
8047
8048
8049
8050
8050
8049
8048
8047
8046
8045
8044
8043
8043
8044
8045
8046
8047
8048
8049
8050
8050
8049
8048
8047
8046
8045
8044
8043
8043
8044
8045
8046
8047
8048
8049
8050
8050
8049
8048
8047
8046
8045
8044
8043
8043
8044
8045
8046
8047
8048
8049
8050
8050
8049
8048
8047
8046
8045
8044
8043
8043
8044
8045
8046
8047
8048
8049
8050
8050
8049
8048
8047
8046
8045
8044
8043
8043
8044
8045
8046
8047
8048
8049
8050
8050
8049
8048
8047
8046
8045
8044
8043
8043
8044
8045
8046
8047
8048
8049
8050
8050
8049
8048
8047
8046
8045
8044
8043
8043
8044
8045
8046
8047
8048
8049
8050
8050
8049
8048
8047
8046
8045
8044
8043
8043
8044
8045
8046
8047
8048
8049
8050
8050
8049
8048
8047
8046
8045
8044
8043
8043
8044
8045
8046
8047
8048
8049
8050
8050
8049
8048
8047
8046
8045
8044
8043
8043
8044
8045
8046
8047
8048
8049
8050
8050
8049
8048
8047
8046
8045
8044
8043
8043
8044
8045
8046
8047
8048
8049
8050
8050
8049
8048
8047
8046
8045
8044
8043
8043
8044
8045
8046
8047
8048
8049
8050
8050
8049
8048
8047
8046
8045
8044
8043
8043
8044
8045
8046
8047
8048
8049
8050
8050
8049
8048
8047
8046
8045
8044
8043
8043
8044
8045
8046
8047
8048
8049
8050
8050
8049
8048
8047
8046
8045
8044
8043
8043
8044
8045
8046
8047
8048
8049
8050
8050
8049
8048
