0
0
0
382515.0180782803217880427837371826171875
249871.62831538650789298117160797119140625
25348.74785873087239451706409454345703125
-110796.92358064508880488574504852294921875
-134968.455080440151505172252655029296875
-89315.977837920072488486766815185546875
-23080.40635707415640354156494140625
32069.4542055302299559116363525390625
64632.657199445180594921112060546875
76474.018214968033134937286376953125
74929.34565545432269573211669921875
67422.5967102949507534503936767578125
59080.4073705258779227733612060546875
52445.8786857775412499904632568359375
48177.514552528969943523406982421875
45932.9430907904170453548431396484375
45045.069676243700087070465087890625
44898.6055498826317489147186279296875
45067.3061602343805134296417236328125
45313.236902159638702869415283203125
45532.20829777233302593231201171875
45695.1986620719544589519500732421875
45806.0361265144310891628265380859375
45877.75108833424746990203857421875
45922.5451388605870306491851806640625
45949.2485724543221294879913330078125
45963.7831338322721421718597412109375
45970.219612113200128078460693359375
45971.53504724986851215362548828125
45969.968880903907120227813720703125
45967.1466074921190738677978515625
45964.1393446694128215312957763671875
45961.5445107030682265758514404296875
45959.6003934801556169986724853515625
45958.3125411109067499637603759765625
45957.565737880766391754150390625
-336557.812115705572068691253662109375
-203914.5388335217721760272979736328125
20608.3569928263314068317413330078125
156754.10050595365464687347412109375
180925.71652070689015090465545654296875
135273.31422675959765911102294921875
69037.800118114450015127658843994140625
13887.9789728402975015342235565185546875
-18675.1995373161626048386096954345703125
-30516.5470440878343652002513408660888671875
-28971.86828317190520465373992919921875
-21465.1175416752812452614307403564453125
-13122.928744366639875806868076324462890625
-6488.401598644108162261545658111572265625
-2220.0392122504636063240468502044677734375
24.53069774454343132674694061279296875
912.40291229845388443209230899810791015625
1058.8662054786227599834091961383819580078125
890.165074446896824156283400952816009521484375
644.2340462235989662076462991535663604736328125
425.262522378895255315001122653484344482421875
262.2721253062836694880388677120208740234375
151.434678023075548480846919119358062744140625
79.719753543479555446538142859935760498046875
34.9257432655145976241328753530979156494140625
8.2223443319359148517833091318607330322265625
-6.312190933575266171828843653202056884765625
-12.7486515386348173706210218369960784912109375
-14.06407593113818421670657698996365070343017578125
-12.4979038817594574339864266221411526203155517578125
-9.6756280702687007533313590101897716522216796875
-6.66836478573915059087084955535829067230224609375
-4.07353133015832469254746683873236179351806640625
-2.129414981392724115494274883531033992767333984375
-0.841563504994876865339392679743468761444091796875
-0.09476102289763588260029791854321956634521484375
0.265013727673515830929318326525390148162841796875
0.38149406786026052174065625877119600772857666015625
0.3661241552015852551704711004276759922504425048828125
0.2940502895553744888701430681976489722728729248046875
0.20953528491123252219807682195096276700496673583984375
0.1345867046112945164537677555927075445652008056640625
0.0772145168868678677398520449060015380382537841796875
0.0377972069244012498501206209766678512096405029296875
0.01331346887516582366828288286342285573482513427734375
-0.000195266440048247336136455487576313316822052001953125
-0.006396655290412611716277524465112946927547454833984375
-0.008192984015565653310719795854311087168753147125244140625
-0.00765051979164327149163238317441937397234141826629638671875
-0.0061114923166934904952274365541597944684326648712158203125
-0.0043646362120035621379177115386482910253107547760009765625
-0.0028128918452968200425434730505003244616091251373291015625
-0.00161290053229982965898869906595791690051555633544921875
-0.00077972003436907293127955398404083098284900188446044921875
-0.00025904035956865294199058524782230961136519908905029296875
2.7257515614089768141159453307409421540796756744384765625e-05
0.000155489761877948724777542821584574994631111621856689453125
0.0001882618347971661866557813169720247969962656497955322265625
0.00017110295315442554755537563071499107536510564386844635009765625
0.000133762165799822924615314345686556407599709928035736083984375
9.351400186390101433586696799693527282215654850006103515625e-05
5.885422475566883145081664707731761154718697071075439453125e-05
3.27421215746938267139587441789672084269113838672637939453125e-05
1.50668180955734298635817491884836272220127284526824951171875e-05
4.32154396683040280258136789370837504975497722625732421875e-06
-1.381991393552286736569334468782699332223273813724517822265625e-06
-3.7810338018185252000578910891448458642116747796535491943359375e-06
-4.24363175790230207572693854611856068004271946847438812255859375e-06
-3.73254805440599674525546658454544513006112538278102874755859375e-06
-2.858697112623862583691801420027189806205569766461849212646484375e-06
-1.966235626074918553681490640538953584837145172059535980224609375e-06
-1.217438677531946001372613330726579761176253668963909149169921875e-06
