0  0.0000000000000000000e+00  0.0000000000000000000e+00  0.0000000000000000000e+00  0.0000000000000000000e+00
1  0.0000000000000000000e+00  0.0000000000000000000e+00  0.0000000000000000000e+00  0.0000000000000000000e+00
2  1.4260900020599365234e+00  0.0000000000000000000e+00  9.7656250000000000000e-04  1.8938353804287544335e-03
3  2.4027988910675048828e+00  0.0000000000000000000e+00  1.2695312500000000000e-02  1.6203616914929330761e-02
4  2.6518526077270507812e+00  2.3437500000000000000e-02  6.0546875000000000000e-02  6.8094438036124693703e-02
5  2.1718971729278564453e+00  1.0156250000000000000e-01  1.7773437500000000000e-01  1.9030739207302363458e-01
6  1.2386476993560791016e+00  2.5781250000000000000e-01  3.8476562500000000000e-01  4.0277801897419407418e-01
7  2.9931163787841796875e-01  4.7656250000000000000e-01  6.7089843750000000000e-01  6.9356125927005474185e-01
8 -1.9842016696929931641e-01  7.1093750000000000000e-01  9.8925781250000000000e-01  1.0146913625009843507e+00
9  2.2439360618591308594e-02  8.9843750000000000000e-01  1.2705078125000000000e+00  1.2967003555681597682e+00
10  9.6213448047637939453e-01  9.8437500000000000000e-01  1.4501953125000000000e+00  1.4759270859516959717e+00
11  2.3437390327453613281e+00  9.4531250000000000000e-01  1.4980468750000000000e+00  1.5226807804749187270e+00
12  3.7185099124908447266e+00  7.9687500000000000000e-01  1.4345703125000000000e+00  1.4576943807144919774e+00
13  4.6368103027343750000e+00  5.9375000000000000000e-01  1.3271484375000000000e+00  1.3490121185633663359e+00
14  4.8193964958190917969e+00  4.2968750000000000000e-01  1.2685546875000000000e+00  1.2894307617312970038e+00
15  4.2636899948120117188e+00  3.9062500000000000000e-01  1.3427734375000000000e+00  1.3626070459058823303e+00
16  3.2445018291473388672e+00  5.3125000000000000000e-01  1.5917968750000000000e+00  1.6107698679726718538e+00
17  2.2089109420776367188e+00  8.5156250000000000000e-01  1.9980468750000000000e+00  2.0167205507454450952e+00
18  1.6054443120956420898e+00  1.2812500000000000000e+00  2.4882812500000000000e+00  2.5075433465540690747e+00
19  1.7127056121826171875e+00  1.7265625000000000000e+00  2.9589843750000000000e+00  2.9792035568558539183e+00
20  2.5328729152679443359e+00  2.0859375000000000000e+00  3.3115234375000000000e+00  3.3331649366918050248e+00
21  3.7906954288482666016e+00  2.2890625000000000000e+00  3.4882812500000000000e+00  3.5114270193342722592e+00
22  5.0383868217468261719e+00  2.3281250000000000000e+00  3.4921875000000000000e+00  3.5168159784734154272e+00
23  5.8263583183288574219e+00  2.2500000000000000000e+00  3.3847656250000000000e+00  3.4108301367406923532e+00
24  5.8746805191040039062e+00  2.1406250000000000000e+00  3.2626953125000000000e+00  3.2897807233391898052e+00
25  5.1798200607299804688e+00  2.1015625000000000000e+00  3.2207031250000000000e+00  3.2481710300703507954e+00
26  4.0159254074096679688e+00  2.1953125000000000000e+00  3.3154296875000000000e+00  3.3430935084601038909e+00
27  2.8301849365234375000e+00  2.4140625000000000000e+00  3.5449218750000000000e+00  3.5730420204245731952e+00
28  2.0721614360809326172e+00  2.7109375000000000000e+00  3.8505859375000000000e+00  3.8790697316350311041e+00
29  2.0222663879394531250e+00  3.0000000000000000000e+00  4.1396484375000000000e+00  4.1677451685855988472e+00
30  2.6847834587097167969e+00  3.1953125000000000000e+00  4.3203125000000000000e+00  4.3470930816177926204e+00
31  3.7862906455993652344e+00  3.2421875000000000000e+00  4.3369140625000000000e+00  4.3617980519651933236e+00
32  4.8800950050354003906e+00  3.1328125000000000000e+00  4.1914062500000000000e+00  4.2142646834118551169e+00
33  5.5167565345764160156e+00  2.9218750000000000000e+00  3.9423828125000000000e+00  3.9635459153163647983e+00
34  5.4157552719116210938e+00  2.6875000000000000000e+00  3.6826171875000000000e+00  3.7026036589796884613e+00
35  4.5726566314697265625e+00  2.5156250000000000000e+00  3.5029296875000000000e+00  3.5226306510626823609e+00
36  3.2609848976135253906e+00  2.4687500000000000000e+00  3.4580078125000000000e+00  3.4780889830964092369e+00
37  1.9280358552932739258e+00  2.5468750000000000000e+00  3.5449218750000000000e+00  3.5658329409004902999e+00
38  1.0244023799896240234e+00  2.6953125000000000000e+00  3.7041015625000000000e+00  3.7262946512308765534e+00
39  8.3226180076599121094e-01  2.8281250000000000000e+00  3.8427734375000000000e+00  3.8662794806916629398e+00
40  1.3579412698745727539e+00  2.8593750000000000000e+00  3.8701171875000000000e+00  3.8946629627405418006e+00
41  2.3297789096832275391e+00  2.7265625000000000000e+00  3.7324218750000000000e+00  3.7573528013959140992e+00
42  3.3020544052124023438e+00  2.4296875000000000000e+00  3.4335937500000000000e+00  3.4581585120744176010e+00
43  3.8253769874572753906e+00  2.0234375000000000000e+00  3.0341796875000000000e+00  3.0575902293947070376e+00
44  3.6184740066528320312e+00  1.6015625000000000000e+00  2.6279296875000000000e+00  2.6500335154054646125e+00
45  2.6758408546447753906e+00  1.2578125000000000000e+00  2.3066406250000000000e+00  2.3280025911852231246e+00
46  1.2701900005340576172e+00  1.0546875000000000000e+00  2.1259765625000000000e+00  2.1471091634654051461e+00
47 -1.5129899978637695312e-01  9.9218750000000000000e-01  2.0839843750000000000e+00  2.1051142421263016047e+00
48 -1.1372416019439697266e+00  1.0078125000000000000e+00  2.1220703125000000000e+00  2.1430586135651150670e+00
49 -1.4039403200149536133e+00  1.0156250000000000000e+00  2.1474609375000000000e+00  2.1680436988693161382e+00
50 -9.4328868389129638672e-01  9.2968750000000000000e-01  2.0693359375000000000e+00  2.0889730696828126000e+00
51 -2.5482295081019401550e-02  6.9531250000000000000e-01  1.8330078125000000000e+00  1.8516185973758743089e+00
52  9.0445458889007568359e-01  3.1250000000000000000e-01  1.4414062500000000000e+00  1.4596318119343187902e+00
53  1.3968555927276611328e+00 -1.5625000000000000000e-01  9.5507812500000000000e-01  9.7348300253541886207e-01
54  1.1693866252899169922e+00 -6.1718750000000000000e-01  4.6875000000000000000e-01  4.8773204684710957935e-01
55  2.1513515710830688477e-01 -9.7656250000000000000e-01  7.5195312500000000000e-02  9.5302468263082751321e-02
56 -1.1943665742874145508e+00 -1.1796875000000000000e+00 -1.6894531250000000000e-01 -1.4761095199693330393e-01
57 -2.6123833656311035156e+00 -1.2343750000000000000e+00 -2.6464843750000000000e-01 -2.4261273710252356794e-01
58 -3.5871224403381347656e+00 -1.2031250000000000000e+00 -2.7050781250000000000e-01 -2.4811776490296705289e-01
59 -3.8337407112121582031e+00 -1.1875000000000000000e+00 -2.7929687500000000000e-01 -2.5668266044360643630e-01
60 -3.3427276611328125000e+00 -1.2812500000000000000e+00 -3.8183593750000000000e-01 -3.5930990498173642766e-01
61 -2.3831799030303955078e+00 -1.5390625000000000000e+00 -6.3281250000000000000e-01 -6.1034779563406404979e-01
62 -1.3997871875762939453e+00 -1.9531250000000000000e+00 -1.0292968750000000000e+00 -1.0063816600713124672e+00
63 -8.4288656711578369141e-01 -2.4609375000000000000e+00 -1.5107421875000000000e+00 -1.4871725162948279397e+00
64 -9.9624145030975341797e-01 -2.9687500000000000000e+00 -1.9824218750000000000e+00 -1.9582861524603774050e+00
65 -1.8685351610183715820e+00 -3.3828125000000000000e+00 -2.3515625000000000000e+00 -2.3267786679447581832e+00
66 -3.1897859573364257812e+00 -3.6406250000000000000e+00 -2.5615234375000000000e+00 -2.5363221832220865792e+00
67 -4.5140919685363769531e+00 -3.7265625000000000000e+00 -2.6132812500000000000e+00 -2.5883680857826574240e+00
68 -5.3895940780639648438e+00 -3.6796875000000000000e+00 -2.5654296875000000000e+00 -2.5412732375518451988e+00
69 -5.5306639671325683594e+00 -3.5859375000000000000e+00 -2.5107421875000000000e+00 -2.4877237590839111903e+00
70 -4.9267053604125976562e+00 -3.5390625000000000000e+00 -2.5410156250000000000e+00 -2.5190725060682872538e+00
71 -3.8460528850555419922e+00 -3.6093750000000000000e+00 -2.7109375000000000000e+00 -2.6901999715083224629e+00
72 -2.7333970069885253906e+00 -3.8203125000000000000e+00 -3.0175781250000000000e+00 -2.9983085820907753316e+00
73 -2.0399799346923828125e+00 -4.1328125000000000000e+00 -3.4013671875000000000e+00 -3.3837434549021487840e+00
74 -2.0513124465942382812e+00 -4.4687500000000000000e+00 -3.7685546875000000000e+00 -3.7525274671805881610e+00
75 -2.7781245708465576172e+00 -4.7343750000000000000e+00 -4.0273437500000000000e+00 -4.0120124139202246738e+00
76 -3.9522104263305664062e+00 -4.8593750000000000000e+00 -4.1220703125000000000e+00 -4.1060429732306396033e+00
77 -5.1287641525268554688e+00 -4.8281250000000000000e+00 -4.0537109375000000000e+00 -4.0362159679702038773e+00
78 -5.8560600280761718750e+00 -4.6875000000000000000e+00 -3.8798828125000000000e+00 -3.8611232117460865254e+00
79 -5.8478803634643554688e+00 -4.5234375000000000000e+00 -3.6933593750000000000e+00 -3.6738674287442787403e+00
80 -5.0927348136901855469e+00 -4.4375000000000000000e+00 -3.5859375000000000000e+00 -3.5664314539042827334e+00
81 -3.8583276271820068359e+00 -4.4921875000000000000e+00 -3.6132812500000000000e+00 -3.5944975180619245236e+00
82 -2.5894556045532226562e+00 -4.6796875000000000000e+00 -3.7734375000000000000e+00 -3.7561415869013092816e+00
83 -1.7384220361709594727e+00 -4.9375000000000000000e+00 -4.0078125000000000000e+00 -3.9925330092692767892e+00
84 -1.5925234556198120117e+00 -5.1718750000000000000e+00 -4.2236328125000000000e+00 -4.2103726209192000596e+00
85 -2.1645951271057128906e+00 -5.2968750000000000000e+00 -4.3291015625000000000e+00 -4.3175071695554656515e+00
86 -3.1882729530334472656e+00 -5.2578125000000000000e+00 -4.2685546875000000000e+00 -4.2581298313811970502e+00
87 -4.2198305130004882812e+00 -5.0546875000000000000e+00 -4.0439453125000000000e+00 -4.0341344412878559211e+00
88 -4.8077096939086914062e+00 -4.7343750000000000000e+00 -3.7148437500000000000e+00 -3.7044746474315992657e+00
89 -4.6650381088256835938e+00 -4.3906250000000000000e+00 -3.3750000000000000000e+00 -3.3627722488742577411e+00
90 -3.7793879508972167969e+00 -4.1171875000000000000e+00 -3.1171875000000000000e+00 -3.1017187501689083007e+00
91 -2.4177429676055908203e+00 -3.9765625000000000000e+00 -2.9970703125000000000e+00 -2.9778536743285126676e+00
92 -1.0249075889587402344e+00 -3.9765625000000000000e+00 -3.0126953125000000000e+00 -2.9901593709469995730e+00
93 -5.4093480110168457031e-02 -4.0625000000000000000e+00 -3.1054687500000000000e+00 -3.0806396939153692927e+00
94  2.0575392246246337891e-01 -4.1328125000000000000e+00 -3.1826171875000000000e+00 -3.1566609712948743294e+00
95 -2.6014578342437744141e-01 -4.1015625000000000000e+00 -3.1523437500000000000e+00 -3.1265293342171869284e+00
96 -1.1870617866516113281e+00 -3.9140625000000000000e+00 -2.9589843750000000000e+00 -2.9347274934799827406e+00
97 -2.1321501731872558594e+00 -3.5703125000000000000e+00 -2.6054687500000000000e+00 -2.5833638957925462165e+00
98 -2.6437721252441406250e+00 -3.1250000000000000000e+00 -2.1513671875000000000e+00 -2.1316483777277746015e+00
99 -2.4341955184936523438e+00 -2.6640625000000000000e+00 -1.6914062500000000000e+00 -1.6735933289005764379e+00
