1 -0.0677325 -0.00523245 -0.0677325 -0.0677325 -0.0677325 -0.0677325 -0.0677325 -0.0677325
2 -0.00514675 -0.0676468 -0.130147 -0.00514675 -0.130147 -0.130147 -0.130147 -0.00514675
3 -0.057358 -0.057358 -0.057358 -0.057358 -0.057358 -0.057358 -0.057358 -0.057358
4 -0.160462 -0.0979617 0.0895383 -0.0354617 0.0895383 0.0895383 0.0895383 -0.0354617
5 0.00454053 -0.0579595 0.129541 -0.120459 0.00454053 0.129541 0.129541 0.00454053
6 -0.183024 -0.0580238 0.0669762 -0.0580238 0.0669762 -0.0580238 -0.0580238 -0.0580238
7 -0.178478 -0.0534778 -0.0534778 -0.178478 -0.0534778 -0.0534778 -0.0534778 -0.0534778
8 -0.201577 -0.139077 -0.0765766 -0.0765766 -0.0765766 0.0484234 -0.0765766 0.0484234
9 -0.151763 -0.151763 0.0982366 -0.151763 -0.0267634 -0.0267634 0.0982366 -0.0267634
10 0.00249529 -0.185005 0.00249529 -0.122505 0.00249529 0.00249529 0.127495 0.00249529
11 -0.16179 -0.16179 -0.0367904 -0.16179 -0.0367904 -0.0367904 0.0882096 -0.0367904
12 -0.212932 -0.150432 -0.0879316 -0.0879316 0.0370684 -0.0879316 -0.0879316 -0.0879316
13 -0.149248 -0.149248 -0.0242477 -0.149248 -0.0242477 -0.0242477 -0.0242477 -0.0242477
14 -0.0506051 -0.175605 0.0743949 -0.175605 -0.0506051 0.0743949 0.0743949 0.0743949
15 -0.153615 -0.216115 -0.0286153 -0.153615 0.0963847 -0.0286153 0.0963847 -0.0286153
16 -0.179892 -0.179892 -0.0548924 -0.0548924 0.0701076 -0.0548924 -0.0548924 -0.0548924
17 -0.178381 -0.178381 -0.0533813 -0.178381 -0.0533813 -0.0533813 -0.0533813 -0.0533813
18 -0.235243 -0.172743 0.0147568 -0.110243 0.0147568 0.0147568 0.0147568 0.0147568
19 -0.14839 -0.21089 -0.0233899 -0.14839 -0.0233899 -0.0233899 -0.0233899 -0.0233899
20 -0.0807676 -0.205768 0.0442324 -0.0807676 0.0442324 0.0442324 0.0442324 0.0442324
21 -0.250687 -0.188187 -0.000687279 -0.125687 -0.000687279 -0.000687279 -0.000687279 -0.000687279
22 -0.22082 -0.15832 -0.0958202 -0.0958202 -0.0958202 -0.0958202 -0.0958202 -0.0958202
23 -0.145847 -0.145847 -0.0208466 -0.145847 -0.0208466 -0.0208466 -0.0208466 -0.0208466
24 -0.187605 -0.187605 0.062395 -0.062605 0.062395 0.062395 0.062395 -0.062605
25 -0.21742 -0.21742 0.0325803 -0.0924197 0.0325803 0.0325803 0.0325803 0.0325803
26 -0.147402 -0.209902 -0.0224022 -0.0224022 -0.0224022 -0.0224022 -0.0224022 -0.0224022
27 -0.0880917 -0.150592 -0.0880917 -0.0880917 0.0369083 -0.0880917 0.0369083 -0.0880917
28 -0.185189 -0.185189 -0.0601891 -0.185189 -0.0601891 -0.0601891 -0.0601891 -0.0601891
29 -0.146999 -0.146999 0.103001 -0.0219991 -0.0219991 -0.0219991 0.103001 -0.0219991
30 -0.131155 -0.193655 0.118845 -0.00615547 -0.00615547 -0.00615547 -0.00615547 -0.00615547
31 -0.275806 -0.275806 -0.0258059 -0.0258059 0.0991941 -0.0258059 -0.0258059 -0.0258059
32 0.0059516 -0.181548 0.0059516 0.0059516 0.0059516 0.0059516 0.0059516 0.0059516
33 -0.166758 -0.166758 -0.0417581 -0.166758 -0.0417581 -0.0417581 -0.0417581 -0.0417581
34 -0.131231 -0.131231 -0.0062312 -0.131231 -0.0062312 -0.0062312 -0.0062312 -0.0062312
35 -0.270635 -0.145635 -0.0206346 -0.145635 -0.0206346 -0.0206346 -0.0206346 -0.0206346
36 -0.0573224 -0.244822 0.0676776 -0.0573224 -0.0573224 -0.0573224 -0.0573224 -0.0573224
37 -0.0352836 -0.222784 -0.0352836 -0.0352836 -0.0352836 0.0897164 -0.0352836 -0.0352836
38 -0.120747 -0.120747 0.00425259 -0.120747 0.00425259 0.00425259 0.00425259 0.00425259
39 -0.137064 -0.137064 -0.0120641 -0.137064 -0.0120641 -0.0120641 0.112936 -0.0120641
40 -0.200501 -0.200501 0.0494989 -0.0755011 0.0494989 -0.0755011 0.0494989 -0.0755011
41 -0.227791 -0.227791 0.0222094 -0.102791 0.147209 0.0222094 -0.102791 0.0222094
42 -0.219045 -0.156545 0.0309546 -0.0940454 0.0309546 0.0309546 0.0309546 0.0309546
43 -0.15681 -0.15681 -0.0318103 -0.15681 -0.0318103 -0.0318103 -0.0318103 -0.0318103
44 -0.205702 -0.143202 0.0442979 -0.0807021 0.0442979 -0.0807021 0.0442979 0.0442979
45 -0.0956455 -0.220645 -0.0956455 0.0293545 0.0293545 -0.0956455 0.0293545 0.0293545
46 -0.152665 -0.215165 -0.0276651 -0.0276651 0.0973349 -0.0276651 -0.0276651 -0.0276651
47 -0.107167 -0.169667 0.0178329 -0.107167 0.0178329 0.0178329 0.0178329 0.0178329
48 -0.317024 -0.192024 -0.0670239 -0.0670239 -0.0670239 0.0579761 0.0579761 -0.0670239
49 -0.258413 -0.133413 -0.00841273 -0.133413 -0.00841273 -0.00841273 -0.00841273 -0.00841273
50 -0.23228 -0.16978 0.0177202 -0.10728 0.0177202 -0.10728 -0.10728 0.0177202
51 -0.0109743 -0.198474 -0.0109743 -0.0109743 -0.0109743 -0.0109743 -0.135974 -0.0109743
52 -0.114695 -0.177195 0.0103052 -0.114695 0.0103052 0.135305 0.0103052 0.0103052
53 -0.204139 -0.141639 0.0458606 -0.0791394 0.0458606 0.0458606 0.0458606 -0.0791394
54 -0.294579 -0.232079 -0.0445791 -0.169579 -0.0445791 -0.0445791 0.0804209 -0.0445791
55 -0.123296 -0.185796 0.00170381 -0.123296 0.00170381 -0.123296 0.00170381 0.00170381
56 -0.0654889 -0.190489 -0.0654889 -0.190489 0.0595111 -0.0654889 -0.0654889 -0.0654889
57 -0.121501 -0.184001 0.00349909 0.00349909 0.128499 0.00349909 0.00349909 0.00349909
58 -0.29207 -0.22957 0.0829302 -0.16707 0.0829302 0.0829302 -0.0420698 -0.0420698
59 -0.309664 -0.184664 0.0653356 -0.184664 -0.0596644 -0.0596644 0.0653356 -0.0596644
60 -0.0728626 -0.197863 0.0521374 -0.197863 -0.0728626 -0.0728626 0.0521374 -0.0728626
61 -0.0669895 -0.19199 -0.0669895 -0.0669895 0.0580105 0.0580105 0.0580105 -0.0669895
62 -0.0685309 -0.193531 0.0564691 -0.0685309 0.0564691 0.0564691 -0.0685309 -0.0685309
63 -0.223812 -0.223812 0.0261884 -0.0988116 0.0261884 0.0261884 0.0261884 0.0261884
64 -0.35363 -0.16613 0.0213705 -0.22863 0.0213705 0.0213705 0.0213705 0.0213705
65 -0.238182 -0.238182 -0.113182 -0.113182 0.0118185 -0.113182 0.0118185 0.0118185
66 -0.0818341 -0.144334 -0.0818341 -0.0818341 0.0431659 -0.0818341 -0.0818341 -0.0818341
67 -0.0765689 -0.201569 0.0484311 0.0484311 0.0484311 0.0484311 -0.0765689 -0.0765689
68 -0.290459 -0.227959 0.0845414 -0.0404586 -0.0404586 0.0845414 -0.0404586 -0.0404586
69 -0.194937 -0.194937 0.0550634 -0.194937 -0.0699366 0.0550634 0.0550634 0.0550634
70 -0.0471935 -0.109693 -0.0471935 -0.0471935 0.0778065 -0.0471935 0.0778065 -0.0471935
71 -0.192947 -0.192947 -0.0679469 -0.0679469 0.0570531 -0.0679469 -0.0679469 -0.0679469
72 -0.163364 -0.225864 -0.0383635 -0.0383635 0.0866365 0.0866365 -0.0383635 -0.0383635
73 -0.159162 -0.159162 0.090838 -0.034162 -0.034162 0.090838 -0.034162 -0.034162
74 -0.188093 -0.250593 0.0619074 -0.0630926 -0.0630926 -0.0630926 0.0619074 0.0619074
75 -0.226004 -0.101004 0.0239965 -0.101004 0.0239965 -0.101004 0.0239965 0.0239965
76 -0.256001 -0.193501 -0.131001 -0.00600105 -0.00600105 -0.00600105 -0.00600105 -0.00600105
77 -0.160998 -0.160998 -0.035998 -0.035998 -0.035998 -0.035998 -0.035998 -0.035998
78 -0.193454 -0.130954 0.0565461 -0.193454 0.0565461 -0.0684539 -0.0684539 0.0565461
79 -0.0579717 -0.182972 0.0670283 -0.182972 0.0670283 -0.0579717 0.0670283 -0.0579717
80 -0.18094 -0.18094 -0.0559405 -0.18094 0.0690595 -0.0559405 0.0690595 -0.0559405
81 -0.101553 -0.164053 -0.101553 -0.101553 0.0234471 0.0234471 -0.101553 -0.101553
82 -0.142581 -0.205081 -0.017581 -0.142581 -0.017581 -0.017581 -0.142581 -0.017581
83 -0.0943455 -0.156846 0.0306545 -0.0943455 0.0306545 0.0306545 -0.0943455 0.0306545
84 -0.236088 -0.173588 0.0139124 0.0139124 0.0139124 -0.111088 0.0139124 0.0139124
85 -0.300531 -0.175531 -0.0505312 -0.300531 0.0744688 -0.0505312 0.0744688 -0.0505312
86 -0.169796 -0.169796 -0.0447956 -0.169796 -0.0447956 0.0802044 -0.0447956 -0.0447956
87 -0.16777 -0.23027 -0.0427701 -0.16777 -0.0427701 -0.0427701 -0.16777 -0.0427701
88 -0.0364639 -0.223964 0.0885361 -0.0364639 -0.0364639 -0.0364639 -0.0364639 -0.0364639
89 -0.0838178 -0.208818 0.0411822 -0.0838178 0.0411822 0.0411822 0.0411822 0.0411822
90 -0.151007 -0.213507 -0.0260074 -0.151007 0.0989926 -0.0260074 -0.0260074 -0.0260074
91 -0.186421 -0.123921 -0.0614206 -0.0614206 0.0635794 0.0635794 -0.0614206 -0.0614206
92 -0.173749 -0.173749 -0.0487488 -0.0487488 0.0762512 -0.0487488 -0.0487488 -0.0487488
93 -0.124965 -0.187465 3.54574e-05 -0.124965 3.54574e-05 3.54574e-05 0.125035 3.54574e-05
94 -0.257039 -0.194539 -0.00703902 -0.00703902 -0.00703902 -0.00703902 0.117961 -0.00703902
95 -0.0325158 -0.220016 -0.0325158 -0.0325158 -0.0325158 -0.0325158 -0.0325158 -0.0325158
96 -0.295275 -0.107775 -0.0452752 -0.0452752 0.0797248 -0.0452752 -0.0452752 -0.0452752
97 -0.0742078 -0.136708 0.0507922 -0.0742078 0.0507922 0.0507922 -0.0742078 -0.0742078
98 -0.19703 -0.19703 0.0529703 -0.0720297 0.0529703 0.0529703 0.0529703 0.0529703
99 -0.276196 -0.213696 -0.0261962 -0.151196 -0.0261962 -0.0261962 0.0988038 -0.0261962
100 -0.148179 -0.148179 -0.0231789 -0.0231789 -0.0231789 -0.0231789 -0.0231789 -0.0231789
